298 360020
298.175 360371
298.35 360722
298.525 361073
298.7 361424
298.875 361775
299.05 362126
299.225 362476
299.4 362827
299.575 363178
299.75 363529
299.925 363880
300.1 364231
300.275 364582
300.45 364933
300.625 365284
300.8 365635
300.975 365986
301.15 366337
301.325 366687
301.5 367038
301.675 367389
301.85 367740
302.025 368091
302.2 368442
302.375 368793
302.55 369144
302.725 369495
302.9 369846
303.075 370197
303.25 370548
303.425 370899
303.6 371249
303.775 371600
303.95 371951
304.125 372302
304.3 372653
304.475 373004
304.65 373355
304.825 373706
305 374057
305.175 374408
305.35 374759
305.525 375110
305.7 375460
305.875 375811
306.05 376162
306.225 376513
306.4 376864
306.575 377215
306.75 377566
306.925 377917
307.1 378268
307.275 378619
307.45 378970
307.625 379321
307.8 379672
307.975 380022
308.15 380373
308.325 380724
308.5 381075
308.675 381426
308.85 381777
309.025 382128
309.2 382479
309.375 382830
309.55 383181
309.725 383532
309.9 383883
310.075 384233
310.25 384584
310.425 384935
310.6 385286
310.775 385637
310.95 385988
311.125 386339
311.3 386690
311.475 387041
311.65 387392
311.825 387743
312 388094
312.175 388445
312.35 388795
312.525 389146
312.7 389497
312.875 389848
313.05 390199
313.225 390550
313.4 390901
313.575 391252
313.75 391603
313.925 391954
314.1 392305
314.275 392656
314.45 393006
314.625 393357
314.8 393708
314.975 394059
315.15 394410
315.325 394761
315.5 395112
315.675 395463
315.85 395814
316.025 396165
316.2 396516
316.375 396867
316.55 397218
316.725 397568
316.9 397919
317.075 398270
317.25 398621
317.425 398972
317.6 399323
317.775 399674
317.95 400025
318.125 400376
318.3 400727
318.475 401078
318.65 401429
318.825 401779
319 402130
319.175 402481
319.35 402832
319.525 403183
319.7 403534
319.875 403885
320.05 404236
320.225 404587
320.4 404938
320.575 405289
320.75 405640
320.925 405991
321.1 406341
321.275 406692
321.45 407043
321.625 407394
321.8 407745
321.975 408096
322.15 408447
322.325 408798
322.5 409149
322.675 409500
322.85 409851
323.025 410202
323.2 410552
323.375 410903
323.55 411254
323.725 411605
323.9 411956
324.075 412307
324.25 412658
324.425 413009
324.6 413360
324.775 413711
324.95 414062
325.125 414413
325.3 414764
325.475 415114
325.65 415465
325.825 415816
326 416167
326.175 416518
326.35 416869
326.525 417220
326.7 417571
326.875 417922
327.05 418273
327.225 418624
327.4 418975
327.575 419325
327.75 419676
327.925 420027
328.1 420378
328.275 420729
328.45 421080
328.625 421431
328.8 421782
328.975 422133
329.15 422484
329.325 422835
329.5 423186
329.675 423537
329.85 423887
330.025 424238
330.2 424589
330.375 424940
330.55 425291
330.725 425642
330.9 425993
331.075 426344
331.25 426695
331.425 427046
331.6 427397
331.775 427748
331.95 428098
332.125 428449
332.3 428800
332.475 429151
332.65 429502
332.825 429853
333 430204
333.175 430555
333.35 430906
333.525 431257
333.7 431608
333.875 431959
334.05 432310
334.225 432660
334.4 433011
334.575 433362
334.75 433713
334.925 434064
335.1 434415
335.275 434766
335.45 435117
335.625 435468
335.8 435819
335.975 436170
336.15 436521
336.325 436871
336.5 437222
336.675 437573
336.85 437924
337.025 438275
337.2 438626
337.375 438977
337.55 439328
337.725 439679
337.9 440030
338.075 440381
338.25 440732
338.425 441083
338.6 441433
338.775 441784
338.95 442135
339.125 442486
339.3 442837
339.475 443188
339.65 443539
339.825 443890
340 444241
340.175 444592
340.35 444943
340.525 445294
340.7 445644
340.875 445995
341.05 446346
341.225 446697
341.4 447048
341.575 447399
341.75 447750
341.925 448101
342.1 448452
342.275 448803
342.45 449154
342.625 449505
342.8 449856
342.975 450206
343.15 450557
343.325 450908
343.5 451259
343.675 451610
343.85 451961
344.025 452312
344.2 452663
344.375 453014
344.55 453365
344.725 453716
344.9 454067
345.075 454417
345.25 454768
345.425 455119
345.6 455470
345.775 455821
345.95 456172
346.125 456523
346.3 456874
346.475 457225
346.65 457576
346.825 457927
347 458278
347.175 458629
347.35 458979
347.525 459330
347.7 459681
347.875 460032
348.05 460383
348.225 460734
348.4 461085
348.575 461436
348.75 461787
348.925 462138
349.1 462489
349.275 462840
349.45 463190
349.625 463541
349.8 463892
349.975 464243
350.15 464594
350.325 464945
350.5 465296
350.675 465647
350.85 465998
351.025 466349
351.2 466700
351.375 467051
351.55 467402
351.725 467752
351.9 468103
352.075 468454
352.25 468805
352.425 469156
352.6 469507
352.775 469858
352.95 470209
353.125 470560
353.3 470911
353.475 471262
353.65 471613
353.825 471963
354 472314
354.175 472665
354.35 473016
354.525 473367
354.7 473718
354.875 474069
355.05 474420
355.225 474771
355.4 475122
355.575 475473
355.75 475824
355.925 476175
356.1 476525
356.275 476876
356.45 477227
356.625 477578
356.8 477929
356.975 478280
357.15 478631
357.325 478982
357.5 479333
357.675 479684
357.85 480035
358.025 480386
358.2 480736
358.375 481087
358.55 481438
358.725 481789
358.9 482140
359.075 482491
359.25 482842
359.425 483193
359.6 483544
359.775 483895
359.95 484246
360.125 484597
360.3 484948
360.475 485298
360.65 485649
360.825 486000
361 486351
361.175 486702
361.35 487053
361.525 487404
361.7 487755
361.875 488106
362.05 488457
362.225 488808
362.4 489159
362.575 489509
362.75 489860
362.925 490211
363.1 490562
363.275 490913
363.45 491264
363.625 491615
363.8 491966
363.975 492317
364.15 492668
364.325 493019
364.5 493370
364.675 493721
364.85 494071
365.025 494422
365.2 494773
365.375 495124
365.55 495475
365.725 495826
365.9 496177
366.075 496528
366.25 496879
366.425 497230
366.6 497581
366.775 497932
366.95 498282
367.125 498633
367.3 498984
367.475 499335
367.65 499686
367.825 500037
368 500388
368.175 500739
368.35 501090
368.525 501441
368.7 501792
368.875 502143
369.05 502494
369.225 502844
369.4 503195
369.575 503546
369.75 503897
369.925 504248
370.1 504599
370.275 504950
370.45 505301
370.625 505652
370.8 506003
370.975 506354
371.15 506705
371.325 507055
371.5 507406
371.675 507757
371.85 508108
372.025 508459
372.2 508810
372.375 509161
372.55 509512
372.725 509863
372.9 510214
373.075 510565
373.25 510916
373.425 511267
373.6 511617
373.775 511968
373.95 512319
374.125 512670
374.3 513021
374.475 513372
374.65 513723
374.825 514074
375 514425
375.175 514776
375.35 515127
375.525 515478
375.7 515828
375.875 516179
376.05 516530
376.225 516881
376.4 517232
376.575 517583
376.75 517934
376.925 518285
377.1 518636
377.275 518987
377.45 519338
377.625 519689
377.8 520040
377.975 520390
378.15 520741
378.325 521092
378.5 521443
378.675 521794
378.85 522145
379.025 522496
379.2 522847
379.375 523198
379.55 523549
379.725 523900
379.9 524251
380.075 524601
380.25 524952
380.425 525303
380.6 525654
380.775 526005
380.95 526356
381.125 526707
381.3 527058
381.475 527409
381.65 527760
381.825 528111
382 528462
382.175 528813
382.35 529163
382.525 529514
382.7 529865
382.875 530216
383.05 530567
383.225 530918
383.4 531269
383.575 531620
383.75 531971
383.925 532322
384.1 532673
384.275 533024
384.45 533374
384.625 533725
384.8 534076
384.975 534427
385.15 534778
385.325 535129
385.5 535480
385.675 535831
385.85 536182
386.025 536533
386.2 536884
386.375 537235
386.55 537586
386.725 537936
386.9 538287
387.075 538638
387.25 538989
387.425 539340
387.6 539691
387.775 540042
387.95 540393
388.125 540744
388.3 541095
388.475 541446
388.65 541797
388.825 542147
389 542498
389.175 542849
389.35 543200
389.525 543551
389.7 543902
389.875 544253
390.05 544604
390.225 544955
390.4 545306
390.575 545657
390.75 546008
390.925 546359
391.1 546709
391.275 547060
391.45 547411
391.625 547762
391.8 548113
391.975 548464
392.15 548815
392.325 549166
392.5 549517
392.675 549868
392.85 550219
393.025 550570
393.2 550920
393.375 551271
393.55 551622
393.725 551973
393.9 552324
394.075 552675
394.25 553026
394.425 553377
394.6 553728
394.775 554079
394.95 554430
395.125 554781
395.3 555132
395.475 555482
395.65 555833
395.825 556184
396 556535
396.175 556886
396.35 557237
396.525 557588
396.7 557939
396.875 558290
397.05 558641
397.225 558992
397.4 559343
397.575 559693
397.75 560044
397.925 560395
398.1 560746
398.275 561097
398.45 561448
398.625 561799
398.8 562150
398.975 562501
399.15 562852
399.325 563203
399.5 563554
399.675 563905
399.85 564255
400.025 564606
400.2 564957
400.375 565308
400.55 565659
400.725 566010
400.9 566361
401.075 566712
401.25 567063
401.425 567414
401.6 567765
401.775 568116
401.95 568466
402.125 568817
402.3 569168
402.475 569519
402.65 569870
402.825 570221
403 570572
403.175 570923
403.35 571274
403.525 571625
403.7 571976
403.875 572327
404.05 572678
404.225 573028
404.4 573379
404.575 573730
404.75 574081
404.925 574432
405.1 574783
405.275 575134
405.45 575485
405.625 575836
405.8 576187
405.975 576538
406.15 576889
406.325 577239
406.5 577590
406.675 577941
406.85 578292
407.025 578643
407.2 578994
407.375 579345
407.55 579696
407.725 580047
407.9 580398
408.075 580749
408.25 581100
408.425 581451
408.6 581801
408.775 582152
408.95 582503
409.125 582854
409.3 583205
409.475 583556
409.65 583907
409.825 584258
410 584609
410.175 584960
410.35 585311
410.525 585662
410.7 586012
410.875 586363
411.05 586714
411.225 587065
411.4 587416
411.575 587767
411.75 588118
411.925 588469
412.1 588820
412.275 589171
412.45 589522
412.625 589873
412.8 590224
412.975 590574
413.15 590925
413.325 591276
413.5 591627
413.675 591978
413.85 592329
414.025 592680
414.2 593031
414.375 593382
414.55 593733
414.725 594084
414.9 594435
415.075 594785
415.25 595136
415.425 595487
415.6 595838
415.775 596189
415.95 596540
416.125 596891
416.3 597242
416.475 597593
416.65 597944
416.825 598295
417 598646
417.175 598997
417.35 599347
417.525 599698
417.7 600049
417.875 600400
418.05 600751
418.225 601102
418.4 601453
418.575 601804
418.75 602155
418.925 602506
419.1 602857
419.275 603208
419.45 603558
419.625 603909
419.8 604260
419.975 604611
420.15 604962
420.325 605313
420.5 605664
420.675 606015
420.85 606366
421.025 606717
421.2 607068
421.375 607419
421.55 607770
421.725 608120
421.9 608471
422.075 608822
422.25 609173
422.425 609524
422.6 609875
422.775 610226
422.95 610577
423.125 610928
423.3 611279
423.475 611630
423.65 611981
423.825 612331
424 612682
424.175 613033
424.35 613384
424.525 613735
424.7 614086
424.875 614437
425.05 614788
425.225 615139
425.4 615490
425.575 615841
425.75 616192
425.925 616543
426.1 616893
426.275 617244
426.45 617595
426.625 617946
426.8 618297
426.975 618648
427.15 618999
427.325 619350
427.5 619701
427.675 620052
427.85 620403
428.025 620754
428.2 621104
428.375 621455
428.55 621806
428.725 622157
428.9 622508
429.075 622859
429.25 623210
429.425 623561
429.6 623912
429.775 624263
429.95 624614
430.125 624965
430.3 625316
430.475 625666
430.65 626017
430.825 626368
431 626719
431.175 627070
431.35 627421
431.525 627772
431.7 628123
431.875 628474
432.05 628825
432.225 629176
432.4 629527
432.575 629877
432.75 630228
432.925 630579
433.1 630930
433.275 631281
433.45 631632
433.625 631983
433.8 632334
433.975 632685
434.15 633036
434.325 633387
434.5 633738
434.675 634089
434.85 634439
435.025 634790
435.2 635141
435.375 635492
435.55 635843
435.725 636194
435.9 636545
436.075 636896
436.25 637247
436.425 637598
436.6 637949
436.775 638300
436.95 638650
437.125 639001
437.3 639352
437.475 639703
437.65 640054
437.825 640405
438 640756
438.175 641107
438.35 641458
438.525 641809
438.7 642160
438.875 642511
439.05 642862
439.225 643212
439.4 643563
439.575 643914
439.75 644265
439.925 644616
440.1 644967
440.275 645318
440.45 645669
440.625 646020
440.8 646371
440.975 646722
441.15 647073
441.325 647423
441.5 647774
441.675 648125
441.85 648476
442.025 648827
442.2 649178
442.375 649529
442.55 649880
442.725 650231
442.9 650582
443.075 650933
443.25 651284
443.425 651635
443.6 651985
443.775 652336
443.95 652687
444.125 653038
444.3 653389
444.475 653740
444.65 654091
444.825 654442
445 654793
445.175 655144
445.35 655495
445.525 655846
445.7 656196
445.875 656547
446.05 656898
446.225 657249
446.4 657600
446.575 657951
446.75 658302
446.925 658653
447.1 659004
447.275 659355
447.45 659706
447.625 660057
447.8 660408
447.975 660758
448.15 661109
448.325 661460
448.5 661811
448.675 662162
448.85 662513
449.025 662864
449.2 663215
449.375 663566
449.55 663917
449.725 664268
449.9 664619
450.075 664969
450.25 665320
450.425 665671
450.6 666022
450.775 666373
450.95 666724
451.125 667075
451.3 667426
451.475 667777
451.65 668128
451.825 668479
452 668830
452.175 669181
452.35 669531
452.525 669882
452.7 670233
452.875 670584
453.05 670935
453.225 671286
453.4 671637
453.575 671988
453.75 672339
453.925 672690
454.1 673041
454.275 673392
454.45 673742
454.625 674093
454.8 674444
454.975 674795
455.15 675146
455.325 675497
455.5 675848
455.675 676199
455.85 676550
456.025 676901
456.2 677252
456.375 677603
456.55 677954
456.725 678304
456.9 678655
457.075 679006
457.25 679357
457.425 679708
457.6 680059
457.775 680410
457.95 680761
458.125 681112
458.3 681463
458.475 681814
458.65 682165
458.825 682515
459 682866
459.175 683217
459.35 683568
459.525 683919
459.7 684270
459.875 684621
460.05 684972
460.225 685323
460.4 685674
460.575 686025
460.75 686376
460.925 686727
461.1 687077
461.275 687428
461.45 687779
461.625 688130
461.8 688481
461.975 688832
462.15 689183
462.325 689534
462.5 689885
462.675 690236
462.85 690587
463.025 690938
463.2 691288
463.375 691639
463.55 691990
463.725 692341
463.9 692692
464.075 693043
464.25 693394
464.425 693745
464.6 694096
464.775 694447
464.95 694798
465.125 695149
465.3 695500
465.475 695850
465.65 696201
465.825 696552
466 696903
466.175 697254
466.35 697605
466.525 697956
466.7 698307
466.875 698658
467.05 699009
467.225 699360
467.4 699711
467.575 700061
467.75 700412
467.925 700763
468.1 701114
468.275 701465
468.45 701816
468.625 702167
468.8 702518
468.975 702869
469.15 703220
469.325 703571
469.5 703922
469.675 704273
469.85 704623
470.025 704974
470.2 705325
470.375 705676
470.55 706027
470.725 706378
470.9 706729
471.075 707080
471.25 707431
471.425 707782
471.6 708133
471.775 708484
471.95 708834
472.125 709185
472.3 709536
472.475 709887
472.65 710238
472.825 710589
