298 0
298.175 443.53
298.35 887.06
298.525 1330.59
298.7 1774.12
298.875 2217.65
299.05 2661.18
299.225 3104.71
299.4 3548.24
299.575 3991.77
299.75 4435.3
299.925 4878.83
300.1 5322.36
300.275 5765.89
300.45 6209.42
300.625 6652.95
300.8 7096.48
300.975 7540.01
301.15 7983.54
301.325 8427.07
301.5 8870.6
301.675 9314.13
301.85 9757.66
302.025 10201.2
302.2 10644.7
302.375 11088.3
302.55 11531.8
302.725 11975.3
302.9 12418.8
303.075 12862.4
303.25 13305.9
303.425 13749.4
303.6 14193
303.775 14636.5
303.95 15080
304.125 15523.6
304.3 15967.1
304.475 16410.6
304.65 16854.1
304.825 17297.7
305 17741.2
305.175 18184.7
305.35 18628.3
305.525 19071.8
305.7 19515.3
305.875 19958.9
306.05 20402.4
306.225 20845.9
306.4 21289.4
306.575 21733
306.75 22176.5
306.925 22620
307.1 23063.6
307.275 23507.1
307.45 23950.6
307.625 24394.2
307.8 24837.7
307.975 25281.2
308.15 25724.7
308.325 26168.3
308.5 26611.8
308.675 27055.3
308.85 27498.9
309.025 27942.4
309.2 28385.9
309.375 28829.5
309.55 29273
309.725 29716.5
309.9 30160
310.075 30603.6
310.25 31047.1
310.425 31490.6
310.6 31934.2
310.775 32377.7
310.95 32821.2
311.125 33264.8
311.3 33708.3
311.475 34151.8
311.65 34595.3
311.825 35038.9
312 35482.4
312.175 35925.9
312.35 36369.5
312.525 36813
312.7 37256.5
312.875 37700.1
313.05 38143.6
313.225 38587.1
313.4 39030.6
313.575 39474.2
313.75 39917.7
313.925 40361.2
314.1 40804.8
314.275 41248.3
314.45 41691.8
314.625 42135.4
314.8 42578.9
314.975 43022.4
315.15 43465.9
315.325 43909.5
315.5 44353
315.675 44796.5
315.85 45240.1
316.025 45683.6
316.2 46127.1
316.375 46570.7
316.55 47014.2
316.725 47457.7
316.9 47901.2
317.075 48344.8
317.25 48788.3
317.425 49231.8
317.6 49675.4
317.775 50118.9
317.95 50562.4
318.125 51006
318.3 51449.5
318.475 51893
318.65 52336.5
318.825 52780.1
319 53223.6
319.175 53667.1
319.35 54110.7
319.525 54554.2
319.7 54997.7
319.875 55441.3
320.05 55884.8
320.225 56328.3
320.4 56771.8
320.575 57215.4
320.75 57658.9
320.925 58102.4
321.1 58546
321.275 58989.5
321.45 59433
321.625 59876.6
321.8 60320.1
321.975 60763.6
322.15 61207.1
322.325 61650.7
322.5 62094.2
322.675 62537.7
322.85 62981.3
323.025 63424.8
323.2 63868.3
323.375 64311.9
323.55 64755.4
323.725 65198.9
323.9 65642.4
324.075 66086
324.25 66529.5
324.425 66973
324.6 67416.6
324.775 67860.1
324.95 68303.6
325.125 68747.2
325.3 69190.7
325.475 69634.2
325.65 70077.7
325.825 70521.3
326 70964.8
326.175 71408.3
326.35 71851.9
326.525 72295.4
326.7 72738.9
326.875 73182.5
327.05 73626
327.225 74069.5
327.4 74513
327.575 74956.6
327.75 75400.1
327.925 75843.6
328.1 76287.2
328.275 76730.7
328.45 77174.2
328.625 77617.8
328.8 78061.3
328.975 78504.8
329.15 78948.3
329.325 79391.9
329.5 79835.4
329.675 80278.9
329.85 80722.5
330.025 81166
330.2 81609.5
330.375 82053.1
330.55 82496.6
330.725 82940.1
330.9 83383.6
331.075 83827.2
331.25 84270.7
331.425 84714.2
331.6 85157.8
331.775 85601.3
331.95 86044.8
332.125 86488.4
332.3 86931.9
332.475 87375.4
332.65 87818.9
332.825 88262.5
333 88706
333.175 89149.5
333.35 89593.1
333.525 90036.6
333.7 90480.1
333.875 90923.7
334.05 91367.2
334.225 91810.7
334.4 92254.2
334.575 92697.8
334.75 93141.3
334.925 93584.8
335.1 94028.4
335.275 94471.9
335.45 94915.4
335.625 95359
335.8 95802.5
335.975 96246
336.15 96689.5
336.325 97133.1
336.5 97576.6
336.675 98020.1
336.85 98463.7
337.025 98907.2
337.2 99350.7
337.375 99794.3
337.55 100238
337.725 100681
337.9 101125
338.075 101568
338.25 102012
338.425 102455
338.6 102899
338.775 103342
338.95 103786
339.125 104230
339.3 104673
339.475 105117
339.65 105560
339.825 106004
340 106447
340.175 106891
340.35 107334
340.525 107778
340.7 108221
340.875 108665
341.05 109108
341.225 109552
341.4 109995
341.575 110439
341.75 110883
341.925 111326
342.1 111770
342.275 112213
342.45 112657
342.625 113100
342.8 113544
342.975 113987
343.15 114431
343.325 114874
343.5 115318
343.675 115761
343.85 116205
344.025 116648
344.2 117092
344.375 117535
344.55 117979
344.725 118423
344.9 118866
345.075 119310
345.25 119753
345.425 120197
345.6 120640
345.775 121084
345.95 121527
346.125 121971
346.3 122414
346.475 122858
346.65 123301
346.825 123745
347 124188
347.175 124632
347.35 125075
347.525 125519
347.7 125963
347.875 126406
348.05 126850
348.225 127293
348.4 127737
348.575 128180
348.75 128624
348.925 129067
349.1 129511
349.275 129954
349.45 130398
349.625 130841
349.8 131285
349.975 131728
350.15 132172
350.325 132615
350.5 133059
350.675 133503
350.85 133946
351.025 134390
351.2 134833
351.375 135277
351.55 135720
351.725 136164
351.9 136607
352.075 137051
352.25 137494
352.425 137938
352.6 138381
352.775 138825
352.95 139268
353.125 139712
353.3 140155
353.475 140599
353.65 141043
353.825 141486
354 141930
354.175 142373
354.35 142817
354.525 143260
354.7 143704
354.875 144147
355.05 144591
355.225 145034
355.4 145478
355.575 145921
355.75 146365
355.925 146808
356.1 147252
356.275 147695
356.45 148139
356.625 148583
356.8 149026
356.975 149470
357.15 149913
357.325 150357
357.5 150800
357.675 151244
357.85 151687
358.025 152131
358.2 152574
358.375 153018
358.55 153461
358.725 153905
358.9 154348
359.075 154792
359.25 155236
359.425 155679
359.6 156123
359.775 156566
359.95 157010
360.125 157453
360.3 157897
360.475 158340
360.65 158784
360.825 159227
361 159671
361.175 160114
361.35 160558
361.525 161001
361.7 161445
361.875 161888
362.05 162332
362.225 162776
362.4 163219
362.575 163663
362.75 164106
362.925 164550
363.1 164993
363.275 165437
363.45 165880
363.625 166324
363.8 166767
363.975 167211
364.15 167654
364.325 168098
364.5 168541
364.675 168985
364.85 169428
365.025 169872
365.2 170316
365.375 170759
365.55 171203
365.725 171646
365.9 172090
366.075 172533
366.25 172977
366.425 173420
366.6 173864
366.775 174307
366.95 174751
367.125 175194
367.3 175638
367.475 176081
367.65 176525
367.825 176968
368 177412
368.175 177856
368.35 178299
368.525 178743
368.7 179186
368.875 179630
369.05 180073
369.225 180517
369.4 180960
369.575 181404
369.75 181847
369.925 182291
370.1 182734
370.275 183178
370.45 183621
370.625 184065
370.8 184508
370.975 184952
371.15 185396
371.325 185839
371.5 186283
371.675 186726
371.85 187170
372.025 187613
372.2 188057
372.375 188500
372.55 188944
372.725 189387
372.9 189831
373.075 190274
373.25 190718
373.425 191161
373.6 191605
373.775 192048
373.95 192492
374.125 192936
374.3 193379
374.475 193823
374.65 194266
374.825 194710
375 195153
375.175 195597
375.35 196040
375.525 196484
375.7 196927
375.875 197371
376.05 197814
376.225 198258
376.4 198701
376.575 199145
376.75 199589
376.925 200032
377.1 200476
377.275 200919
377.45 201363
377.625 201806
377.8 202250
377.975 202693
378.15 203137
378.325 203580
378.5 204024
378.675 204467
378.85 204911
379.025 205354
379.2 205798
379.375 206241
379.55 206685
379.725 207129
379.9 207572
380.075 208016
380.25 208459
380.425 208903
380.6 209346
380.775 209790
380.95 210233
381.125 210677
381.3 211120
381.475 211564
381.65 212007
381.825 212451
382 212894
382.175 213338
382.35 213781
382.525 214225
382.7 214669
382.875 215112
383.05 215556
383.225 215999
383.4 216443
383.575 216886
383.75 217330
383.925 217773
384.1 218217
384.275 218660
384.45 219104
384.625 219547
384.8 219991
384.975 220434
385.15 220878
385.325 221321
385.5 221765
385.675 222209
385.85 222652
386.025 223096
386.2 223539
386.375 223983
386.55 224426
386.725 224870
386.9 225313
387.075 225757
387.25 226200
387.425 226644
387.6 227087
387.775 227531
387.95 227974
388.125 228418
388.3 228861
388.475 229305
388.65 229749
388.825 230192
389 230636
389.175 231079
389.35 231523
389.525 231966
389.7 232410
389.875 232853
390.05 233297
390.225 233740
390.4 234184
390.575 234627
390.75 235071
390.925 235514
391.1 235958
391.275 236401
391.45 236845
391.625 237289
391.8 237732
391.975 238176
392.15 238619
392.325 239063
392.5 239506
392.675 239950
392.85 240393
393.025 240837
393.2 241280
393.375 241724
393.55 242167
393.725 242611
393.9 243054
394.075 243498
394.25 243942
394.425 244385
394.6 244829
394.775 245272
394.95 245716
395.125 246159
395.3 246603
395.475 247046
395.65 247490
395.825 247933
396 248377
396.175 248820
396.35 249264
396.525 249707
396.7 250151
396.875 250594
397.05 251038
397.225 251482
397.4 251925
397.575 252369
397.75 252812
397.925 253256
398.1 253699
398.275 254143
398.45 254586
398.625 255030
398.8 255473
398.975 255917
399.15 256360
399.325 256804
399.5 257247
399.675 257691
399.85 258134
400.025 258578
400.2 259022
400.375 259465
400.55 259909
400.725 260352
400.9 260796
401.075 261239
401.25 261683
401.425 262126
401.6 262570
401.775 263013
401.95 263457
402.125 263900
402.3 264344
402.475 264787
402.65 265231
402.825 265674
403 266118
403.175 266562
403.35 267005
403.525 267449
403.7 267892
403.875 268336
404.05 268779
404.225 269223
404.4 269666
404.575 270110
404.75 270553
404.925 270997
405.1 271440
405.275 271884
405.45 272327
405.625 272771
405.8 273214
405.975 273658
406.15 274102
406.325 274545
406.5 274989
406.675 275432
406.85 275876
407.025 276319
407.2 276763
407.375 277206
407.55 277650
407.725 278093
407.9 278537
408.075 278980
408.25 279424
408.425 279867
408.6 280311
408.775 280754
408.95 281198
409.125 281642
409.3 282085
409.475 282529
409.65 282972
409.825 283416
410 283859
410.175 284303
410.35 284746
410.525 285190
410.7 285633
410.875 286077
411.05 286520
411.225 286964
411.4 287407
411.575 287851
411.75 288295
411.925 288738
412.1 289182
412.275 289625
412.45 290069
412.625 290512
412.8 290956
412.975 291399
413.15 291843
413.325 292286
413.5 292730
413.675 293173
413.85 293617
414.025 294060
414.2 294504
414.375 294947
414.55 295391
414.725 295835
414.9 296278
415.075 296722
415.25 297165
415.425 297609
415.6 298052
415.775 298496
415.95 298939
416.125 299383
416.3 299826
416.475 300270
416.65 300713
416.825 301157
417 301600
417.175 302044
417.35 302487
417.525 302931
417.7 303375
417.875 303818
418.05 304262
418.225 304705
418.4 305149
418.575 305592
418.75 306036
418.925 306479
419.1 306923
419.275 307366
419.45 307810
419.625 308253
419.8 308697
419.975 309140
420.15 309584
420.325 310027
420.5 310471
420.675 310915
420.85 311358
421.025 311802
421.2 312245
421.375 312689
421.55 313132
421.725 313576
421.9 314019
422.075 314463
422.25 314906
422.425 315350
422.6 315793
422.775 316237
422.95 316680
423.125 317124
423.3 317567
423.475 318011
423.65 318455
423.825 318898
424 319342
424.175 319785
424.35 320229
424.525 320672
424.7 321116
424.875 321559
425.05 322003
425.225 322446
425.4 322890
425.575 323333
425.75 323777
425.925 324220
426.1 324664
426.275 325107
426.45 325551
426.625 325995
426.8 326438
426.975 326882
427.15 327325
427.325 327769
427.5 328212
427.675 328656
427.85 329099
428.025 329543
428.2 329986
428.375 330430
428.55 330873
428.725 331317
428.9 331760
429.075 332204
429.25 332648
429.425 333091
429.6 333535
429.775 333978
429.95 334422
430.125 334865
430.3 335309
430.475 335752
430.65 336196
430.825 336639
431 337083
431.175 337526
431.35 337970
431.525 338413
431.7 338857
431.875 339300
432.05 339744
432.225 340188
432.4 340631
432.575 341075
432.75 341518
432.925 341962
433.1 342405
433.275 342849
433.45 343292
433.625 343736
433.8 344179
433.975 344623
434.15 345066
434.325 345510
434.5 345953
434.675 346397
434.85 346840
435.025 347284
435.2 347728
435.375 348171
435.55 348615
435.725 349058
435.9 349502
436.075 349945
436.25 350389
436.425 350832
436.6 351276
436.775 351719
436.95 352163
437.125 352606
437.3 353050
437.475 353493
437.65 353937
437.825 354380
438 354824
438.175 355268
438.35 355711
438.525 356155
438.7 356598
438.875 357042
439.05 357485
439.225 357929
439.4 358372
439.575 358816
439.75 359259
439.925 359703
440.1 360146
440.275 360590
440.45 361033
440.625 361477
440.8 361920
440.975 362364
441.15 362808
441.325 363251
441.5 363695
441.675 364138
441.85 364582
442.025 365025
442.2 365469
442.375 365912
442.55 366356
442.725 366799
442.9 367243
443.075 367686
443.25 368130
443.425 368573
443.6 369017
443.775 369460
443.95 369904
444.125 370348
444.3 370791
444.475 371235
444.65 371678
444.825 372122
445 372565
445.175 373009
445.35 373452
445.525 373896
445.7 374339
445.875 374783
446.05 375226
446.225 375670
446.4 376113
446.575 376557
446.75 377001
446.925 377444
447.1 377888
447.275 378331
447.45 378775
447.625 379218
447.8 379662
447.975 380105
448.15 380549
448.325 380992
448.5 381436
448.675 381879
448.85 382323
449.025 382766
449.2 383210
449.375 383653
449.55 384097
449.725 384541
449.9 384984
450.075 385428
450.25 385871
450.425 386315
450.6 386758
450.775 387202
450.95 387645
451.125 388089
451.3 388532
451.475 388976
451.65 389419
451.825 389863
452 390306
452.175 390750
452.35 391193
452.525 391637
452.7 392081
452.875 392524
453.05 392968
453.225 393411
453.4 393855
453.575 394298
453.75 394742
453.925 395185
454.1 395629
454.275 396072
454.45 396516
454.625 396959
454.8 397403
454.975 397846
455.15 398290
455.325 398733
455.5 399177
455.675 399621
455.85 400064
456.025 400508
456.2 400951
456.375 401395
456.55 401838
456.725 402282
456.9 402725
457.075 403169
457.25 403612
457.425 404056
457.6 404499
457.775 404943
457.95 405386
458.125 405830
458.3 406273
458.475 406717
458.65 407161
458.825 407604
459 408048
459.175 408491
459.35 408935
459.525 409378
459.7 409822
459.875 410265
460.05 410709
460.225 411152
460.4 411596
460.575 412039
460.75 412483
460.925 412926
461.1 413370
461.275 413813
461.45 414257
461.625 414701
461.8 415144
461.975 415588
462.15 416031
462.325 416475
462.5 416918
462.675 417362
462.85 417805
463.025 418249
463.2 418692
463.375 419136
463.55 419579
463.725 420023
463.9 420466
464.075 420910
464.25 421354
464.425 421797
464.6 422241
464.775 422684
464.95 423128
465.125 423571
465.3 424015
465.475 424458
465.65 424902
465.825 425345
466 425789
466.175 426232
466.35 426676
466.525 427119
466.7 427563
466.875 428006
467.05 428450
467.225 428894
467.4 429337
467.575 429781
467.75 430224
467.925 430668
468.1 431111
468.275 431555
468.45 431998
468.625 432442
468.8 432885
468.975 433329
469.15 433772
469.325 434216
469.5 434659
469.675 435103
469.85 435546
470.025 435990
470.2 436434
470.375 436877
470.55 437321
470.725 437764
470.9 438208
471.075 438651
471.25 439095
471.425 439538
471.6 439982
471.775 440425
471.95 440869
472.125 441312
472.3 441756
472.475 442199
472.65 442643
472.825 443086
