298 360020
298.175 359927
298.35 359835
298.525 359742
298.7 359650
298.875 359557
299.05 359464
299.225 359372
299.4 359279
299.575 359187
299.75 359094
299.925 359001
300.1 358909
300.275 358816
300.45 358723
300.625 358631
300.8 358538
300.975 358446
301.15 358353
301.325 358260
301.5 358168
301.675 358075
301.85 357983
302.025 357890
302.2 357797
302.375 357705
302.55 357612
302.725 357520
302.9 357427
303.075 357334
303.25 357242
303.425 357149
303.6 357056
303.775 356964
303.95 356871
304.125 356779
304.3 356686
304.475 356593
304.65 356501
304.825 356408
305 356316
305.175 356223
305.35 356130
305.525 356038
305.7 355945
305.875 355853
306.05 355760
306.225 355667
306.4 355575
306.575 355482
306.75 355389
306.925 355297
307.1 355204
307.275 355112
307.45 355019
307.625 354926
307.8 354834
307.975 354741
308.15 354649
308.325 354556
308.5 354463
308.675 354371
308.85 354278
309.025 354186
309.2 354093
309.375 354000
309.55 353908
309.725 353815
309.9 353723
310.075 353630
310.25 353537
310.425 353445
310.6 353352
310.775 353259
310.95 353167
311.125 353074
311.3 352982
311.475 352889
311.65 352796
311.825 352704
312 352611
312.175 352519
312.35 352426
312.525 352333
312.7 352241
312.875 352148
313.05 352056
313.225 351963
313.4 351870
313.575 351778
313.75 351685
313.925 351592
314.1 351500
314.275 351407
314.45 351315
314.625 351222
314.8 351129
314.975 351037
315.15 350944
315.325 350852
315.5 350759
315.675 350666
315.85 350574
316.025 350481
316.2 350389
316.375 350296
316.55 350203
316.725 350111
316.9 350018
317.075 349926
317.25 349833
317.425 349740
317.6 349648
317.775 349555
317.95 349462
318.125 349370
318.3 349277
318.475 349185
318.65 349092
318.825 348999
319 348907
319.175 348814
319.35 348722
319.525 348629
319.7 348536
319.875 348444
320.05 348351
320.225 348259
320.4 348166
320.575 348073
320.75 347981
320.925 347888
321.1 347795
321.275 347703
321.45 347610
321.625 347518
321.8 347425
321.975 347332
322.15 347240
322.325 347147
322.5 347055
322.675 346962
322.85 346869
323.025 346777
323.2 346684
323.375 346592
323.55 346499
323.725 346406
323.9 346314
324.075 346221
324.25 346128
324.425 346036
324.6 345943
324.775 345851
324.95 345758
325.125 345665
325.3 345573
325.475 345480
325.65 345388
325.825 345295
326 345202
326.175 345110
326.35 345017
326.525 344925
326.7 344832
326.875 344739
327.05 344647
327.225 344554
327.4 344462
327.575 344369
327.75 344276
327.925 344184
328.1 344091
328.275 343998
328.45 343906
328.625 343813
328.8 343721
328.975 343628
329.15 343535
329.325 343443
329.5 343350
329.675 343258
329.85 343165
330.025 343072
330.2 342980
330.375 342887
330.55 342795
330.725 342702
330.9 342609
331.075 342517
331.25 342424
331.425 342331
331.6 342239
331.775 342146
331.95 342054
332.125 341961
332.3 341868
332.475 341776
332.65 341683
332.825 341591
333 341498
333.175 341405
333.35 341313
333.525 341220
333.7 341128
333.875 341035
334.05 340942
334.225 340850
334.4 340757
334.575 340665
334.75 340572
334.925 340479
335.1 340387
335.275 340294
335.45 340201
335.625 340109
335.8 340016
335.975 339924
336.15 339831
336.325 339738
336.5 339646
336.675 339553
336.85 339461
337.025 339368
337.2 339275
337.375 339183
337.55 339090
337.725 338998
337.9 338905
338.075 338812
338.25 338720
338.425 338627
338.6 338534
338.775 338442
338.95 338349
339.125 338257
339.3 338164
339.475 338071
339.65 337979
339.825 337886
340 337794
340.175 337701
340.35 337608
340.525 337516
340.7 337423
340.875 337331
341.05 337238
341.225 337145
341.4 337053
341.575 336960
341.75 336867
341.925 336775
342.1 336682
342.275 336590
342.45 336497
342.625 336404
342.8 336312
342.975 336219
343.15 336127
343.325 336034
343.5 335941
343.675 335849
343.85 335756
344.025 335664
344.2 335571
344.375 335478
344.55 335386
344.725 335293
344.9 335201
345.075 335108
345.25 335015
345.425 334923
345.6 334830
345.775 334737
345.95 334645
346.125 334552
346.3 334460
346.475 334367
346.65 334274
346.825 334182
347 334089
347.175 333997
347.35 333904
347.525 333811
347.7 333719
347.875 333626
348.05 333534
348.225 333441
348.4 333348
348.575 333256
348.75 333163
348.925 333070
349.1 332978
349.275 332885
349.45 332793
349.625 332700
349.8 332607
349.975 332515
350.15 332422
350.325 332330
350.5 332237
350.675 332144
350.85 332052
351.025 331959
351.2 331867
351.375 331774
351.55 331681
351.725 331589
351.9 331496
352.075 331404
352.25 331311
352.425 331218
352.6 331126
352.775 331033
352.95 330940
353.125 330848
353.3 330755
353.475 330663
353.65 330570
353.825 330477
354 330385
354.175 330292
354.35 330200
354.525 330107
354.7 330014
354.875 329922
355.05 329829
355.225 329737
355.4 329644
355.575 329551
355.75 329459
355.925 329366
356.1 329273
356.275 329181
356.45 329088
356.625 328996
356.8 328903
356.975 328810
357.15 328718
357.325 328625
357.5 328533
357.675 328440
357.85 328347
358.025 328255
358.2 328162
358.375 328070
358.55 327977
358.725 327884
358.9 327792
359.075 327699
359.25 327606
359.425 327514
359.6 327421
359.775 327329
359.95 327236
360.125 327143
360.3 327051
360.475 326958
360.65 326866
360.825 326773
361 326680
361.175 326588
361.35 326495
361.525 326403
361.7 326310
361.875 326217
362.05 326125
362.225 326032
362.4 325940
362.575 325847
362.75 325754
362.925 325662
363.1 325569
363.275 325476
363.45 325384
363.625 325291
363.8 325199
363.975 325106
364.15 325013
364.325 324921
364.5 324828
364.675 324736
364.85 324643
365.025 324550
365.2 324458
365.375 324365
365.55 324273
365.725 324180
365.9 324087
366.075 323995
366.25 323902
366.425 323809
366.6 323717
366.775 323624
366.95 323532
367.125 323439
367.3 323346
367.475 323254
367.65 323161
367.825 323069
368 322976
368.175 322883
368.35 322791
368.525 322698
368.7 322606
368.875 322513
369.05 322420
369.225 322328
369.4 322235
369.575 322143
369.75 322050
369.925 321957
370.1 321865
370.275 321772
370.45 321679
370.625 321587
370.8 321494
370.975 321402
371.15 321309
371.325 321216
371.5 321124
371.675 321031
371.85 320939
372.025 320846
372.2 320753
372.375 320661
372.55 320568
372.725 320476
372.9 320383
373.075 320290
373.25 320198
373.425 320105
373.6 320012
373.775 319920
373.95 319827
374.125 319735
374.3 319642
374.475 319549
374.65 319457
374.825 319364
375 319272
375.175 319179
375.35 319086
375.525 318994
375.7 318901
375.875 318809
376.05 318716
376.225 318623
376.4 318531
376.575 318438
376.75 318345
376.925 318253
377.1 318160
377.275 318068
377.45 317975
377.625 317882
377.8 317790
377.975 317697
378.15 317605
378.325 317512
378.5 317419
378.675 317327
378.85 317234
379.025 317142
379.2 317049
379.375 316956
379.55 316864
379.725 316771
379.9 316679
380.075 316586
380.25 316493
380.425 316401
380.6 316308
380.775 316215
380.95 316123
381.125 316030
381.3 315938
381.475 315845
381.65 315752
381.825 315660
382 315567
382.175 315475
382.35 315382
382.525 315289
382.7 315197
382.875 315104
383.05 315012
383.225 314919
383.4 314826
383.575 314734
383.75 314641
383.925 314548
384.1 314456
384.275 314363
384.45 314271
384.625 314178
384.8 314085
384.975 313993
385.15 313900
385.325 313808
385.5 313715
385.675 313622
385.85 313530
386.025 313437
386.2 313345
386.375 313252
386.55 313159
386.725 313067
386.9 312974
387.075 312882
387.25 312789
387.425 312696
387.6 312604
387.775 312511
387.95 312418
388.125 312326
388.3 312233
388.475 312141
388.65 312048
388.825 311955
389 311863
389.175 311770
389.35 311678
389.525 311585
389.7 311492
389.875 311400
390.05 311307
390.225 311215
390.4 311122
390.575 311029
390.75 310937
390.925 310844
391.1 310751
391.275 310659
391.45 310566
391.625 310474
391.8 310381
391.975 310288
392.15 310196
392.325 310103
392.5 310011
392.675 309918
392.85 309825
393.025 309733
393.2 309640
393.375 309548
393.55 309455
393.725 309362
393.9 309270
394.075 309177
394.25 309084
394.425 308992
394.6 308899
394.775 308807
394.95 308714
395.125 308621
395.3 308529
395.475 308436
395.65 308344
395.825 308251
396 308158
396.175 308066
396.35 307973
396.525 307881
396.7 307788
396.875 307695
397.05 307603
397.225 307510
397.4 307418
397.575 307325
397.75 307232
397.925 307140
398.1 307047
398.275 306954
398.45 306862
398.625 306769
398.8 306677
398.975 306584
399.15 306491
399.325 306399
399.5 306306
399.675 306214
399.85 306121
400.025 306028
400.2 305936
400.375 305843
400.55 305751
400.725 305658
400.9 305565
401.075 305473
401.25 305380
401.425 305287
401.6 305195
401.775 305102
401.95 305010
402.125 304917
402.3 304824
402.475 304732
402.65 304639
402.825 304547
403 304454
403.175 304361
403.35 304269
403.525 304176
403.7 304084
403.875 303991
404.05 303898
404.225 303806
404.4 303713
404.575 303621
404.75 303528
404.925 303435
405.1 303343
405.275 303250
405.45 303157
405.625 303065
405.8 302972
405.975 302880
406.15 302787
406.325 302694
406.5 302602
406.675 302509
406.85 302417
407.025 302324
407.2 302231
407.375 302139
407.55 302046
407.725 301954
407.9 301861
408.075 301768
408.25 301676
408.425 301583
408.6 301490
408.775 301398
408.95 301305
409.125 301213
409.3 301120
409.475 301027
409.65 300935
409.825 300842
410 300750
410.175 300657
410.35 300564
410.525 300472
410.7 300379
410.875 300287
411.05 300194
411.225 300101
411.4 300009
411.575 299916
411.75 299823
411.925 299731
412.1 299638
412.275 299546
412.45 299453
412.625 299360
412.8 299268
412.975 299175
413.15 299083
413.325 298990
413.5 298897
413.675 298805
413.85 298712
414.025 298620
414.2 298527
414.375 298434
414.55 298342
414.725 298249
414.9 298157
415.075 298064
415.25 297971
415.425 297879
415.6 297786
415.775 297693
415.95 297601
416.125 297508
416.3 297416
416.475 297323
416.65 297230
416.825 297138
417 297045
417.175 296953
417.35 296860
417.525 296767
417.7 296675
417.875 296582
418.05 296490
418.225 296397
418.4 296304
418.575 296212
418.75 296119
418.925 296026
419.1 295934
419.275 295841
419.45 295749
419.625 295656
419.8 295563
419.975 295471
420.15 295378
420.325 295286
420.5 295193
420.675 295100
420.85 295008
421.025 294915
421.2 294823
421.375 294730
421.55 294637
421.725 294545
421.9 294452
422.075 294360
422.25 294267
422.425 294174
422.6 294082
422.775 293989
422.95 293896
423.125 293804
423.3 293711
423.475 293619
423.65 293526
423.825 293433
424 293341
424.175 293248
424.35 293156
424.525 293063
424.7 292970
424.875 292878
425.05 292785
425.225 292693
425.4 292600
425.575 292507
425.75 292415
425.925 292322
426.1 292229
426.275 292137
426.45 292044
426.625 291952
426.8 291859
426.975 291766
427.15 291674
427.325 291581
427.5 291489
427.675 291396
427.85 291303
428.025 291211
428.2 291118
428.375 291026
428.55 290933
428.725 290840
428.9 290748
429.075 290655
429.25 290562
429.425 290470
429.6 290377
429.775 290285
429.95 290192
430.125 290099
430.3 290007
430.475 289914
430.65 289822
430.825 289729
431 289636
431.175 289544
431.35 289451
431.525 289359
431.7 289266
431.875 289173
432.05 289081
432.225 288988
432.4 288896
432.575 288803
432.75 288710
432.925 288618
433.1 288525
433.275 288432
433.45 288340
433.625 288247
433.8 288155
433.975 288062
434.15 287969
434.325 287877
434.5 287784
434.675 287692
434.85 287599
435.025 287506
435.2 287414
435.375 287321
435.55 287229
435.725 287136
435.9 287043
436.075 286951
436.25 286858
436.425 286765
436.6 286673
436.775 286580
436.95 286488
437.125 286395
437.3 286302
437.475 286210
437.65 286117
437.825 286025
438 285932
438.175 285839
438.35 285747
438.525 285654
438.7 285562
438.875 285469
439.05 285376
439.225 285284
439.4 285191
439.575 285099
439.75 285006
439.925 284913
440.1 284821
440.275 284728
440.45 284635
440.625 284543
440.8 284450
440.975 284358
441.15 284265
441.325 284172
441.5 284080
441.675 283987
441.85 283895
442.025 283802
442.2 283709
442.375 283617
442.55 283524
442.725 283432
442.9 283339
443.075 283246
443.25 283154
443.425 283061
443.6 282968
443.775 282876
443.95 282783
444.125 282691
444.3 282598
444.475 282505
444.65 282413
444.825 282320
445 282228
445.175 282135
445.35 282042
445.525 281950
445.7 281857
445.875 281765
446.05 281672
446.225 281579
446.4 281487
446.575 281394
446.75 281301
446.925 281209
447.1 281116
447.275 281024
447.45 280931
447.625 280838
447.8 280746
447.975 280653
448.15 280561
448.325 280468
448.5 280375
448.675 280283
448.85 280190
449.025 280098
449.2 280005
449.375 279912
449.55 279820
449.725 279727
449.9 279635
450.075 279542
450.25 279449
450.425 279357
450.6 279264
450.775 279171
450.95 279079
451.125 278986
451.3 278894
451.475 278801
451.65 278708
451.825 278616
452 278523
452.175 278431
452.35 278338
452.525 278245
452.7 278153
452.875 278060
453.05 277968
453.225 277875
453.4 277782
453.575 277690
453.75 277597
453.925 277504
454.1 277412
454.275 277319
454.45 277227
454.625 277134
454.8 277041
454.975 276949
455.15 276856
455.325 276764
455.5 276671
455.675 276578
455.85 276486
456.025 276393
456.2 276301
456.375 276208
456.55 276115
456.725 276023
456.9 275930
457.075 275838
457.25 275745
457.425 275652
457.6 275560
457.775 275467
457.95 275374
458.125 275282
458.3 275189
458.475 275097
458.65 275004
458.825 274911
459 274819
459.175 274726
459.35 274634
459.525 274541
459.7 274448
459.875 274356
460.05 274263
460.225 274171
460.4 274078
460.575 273985
460.75 273893
460.925 273800
461.1 273707
461.275 273615
461.45 273522
461.625 273430
461.8 273337
461.975 273244
462.15 273152
462.325 273059
462.5 272967
462.675 272874
462.85 272781
463.025 272689
463.2 272596
463.375 272504
463.55 272411
463.725 272318
463.9 272226
464.075 272133
464.25 272040
464.425 271948
464.6 271855
464.775 271763
464.95 271670
465.125 271577
465.3 271485
465.475 271392
465.65 271300
465.825 271207
466 271114
466.175 271022
466.35 270929
466.525 270837
466.7 270744
466.875 270651
467.05 270559
467.225 270466
467.4 270374
467.575 270281
467.75 270188
467.925 270096
468.1 270003
468.275 269910
468.45 269818
468.625 269725
468.8 269633
468.975 269540
469.15 269447
469.325 269355
469.5 269262
469.675 269170
469.85 269077
470.025 268984
470.2 268892
470.375 268799
470.55 268707
470.725 268614
470.9 268521
471.075 268429
471.25 268336
471.425 268243
471.6 268151
471.775 268058
471.95 267966
472.125 267873
472.3 267780
472.475 267688
472.65 267595
472.825 267503
