298 0
298.175 0
298.35 0
298.525 0
298.7 0
298.875 0
299.05 0
299.225 0
299.4 0
299.575 0
299.75 0
299.925 0
300.1 0
300.275 0
300.45 0
300.625 0
300.8 0
300.975 0
301.15 0
301.325 0
301.5 0
301.675 0
301.85 0
302.025 0
302.2 0
302.375 0
302.55 0
302.725 0
302.9 0
303.075 0
303.25 0
303.425 0
303.6 0
303.775 0
303.95 0
304.125 0
304.3 0
304.475 0
304.65 0
304.825 0
305 0
305.175 0
305.35 0
305.525 0
305.7 0
305.875 0
306.05 0
306.225 0
306.4 0
306.575 0
306.75 0
306.925 0
307.1 0
307.275 0
307.45 0
307.625 0
307.8 0
307.975 0
308.15 0
308.325 0
308.5 0
308.675 0
308.85 0
309.025 0
309.2 0
309.375 0
309.55 0
309.725 0
309.9 0
310.075 0
310.25 0
310.425 0
310.6 0
310.775 0
310.95 0
311.125 0
311.3 0
311.475 0
311.65 0
311.825 0
312 0
312.175 0
312.35 0
312.525 0
312.7 0
312.875 0
313.05 0
313.225 0
313.4 0
313.575 0
313.75 0
313.925 0
314.1 0
314.275 0
314.45 0
314.625 0
314.8 0
314.975 0
315.15 0
315.325 0
315.5 0
315.675 0
315.85 0
316.025 0
316.2 0
316.375 0
316.55 0
316.725 0
316.9 0
317.075 0
317.25 0
317.425 0
317.6 0
317.775 0
317.95 0
318.125 0
318.3 0
318.475 0
318.65 0
318.825 0
319 0
319.175 0
319.35 0
319.525 0
319.7 0
319.875 0
320.05 0
320.225 0
320.4 0
320.575 0
320.75 0
320.925 0
321.1 0
321.275 0
321.45 0
321.625 0
321.8 0
321.975 0
322.15 0
322.325 0
322.5 0
322.675 0
322.85 0
323.025 0
323.2 0
323.375 0
323.55 0
323.725 0
323.9 0
324.075 0
324.25 0
324.425 0
324.6 0
324.775 0
324.95 0
325.125 0
325.3 0
325.475 0
325.65 0
325.825 0
326 0
326.175 0
326.35 0
326.525 0
326.7 0
326.875 0
327.05 0
327.225 0
327.4 0
327.575 0
327.75 0
327.925 0
328.1 0
328.275 0
328.45 0
328.625 0
328.8 0
328.975 0
329.15 0
329.325 0
329.5 0
329.675 0
329.85 0
330.025 0
330.2 0
330.375 0
330.55 0
330.725 0
330.9 0
331.075 0
331.25 0
331.425 0
331.6 0
331.775 0
331.95 0
332.125 0
332.3 0
332.475 0
332.65 0
332.825 0
333 0
333.175 0
333.35 0
333.525 0
333.7 0
333.875 0
334.05 0
334.225 0
334.4 0
334.575 0
334.75 0
334.925 0
335.1 0
335.275 0
335.45 0
335.625 0
335.8 0
335.975 0
336.15 0
336.325 0
336.5 0
336.675 0
336.85 0
337.025 0
337.2 0
337.375 0
337.55 0
337.725 0
337.9 0
338.075 0
338.25 0
338.425 0
338.6 0
338.775 0
338.95 0
339.125 0
339.3 0
339.475 0
339.65 0
339.825 0
340 0
340.175 0
340.35 0
340.525 0
340.7 0
340.875 0
341.05 0
341.225 0
341.4 0
341.575 0
341.75 0
341.925 0
342.1 0
342.275 0
342.45 0
342.625 0
342.8 0
342.975 0
343.15 0
343.325 0
343.5 0
343.675 0
343.85 0
344.025 0
344.2 0
344.375 0
344.55 0
344.725 0
344.9 0
345.075 0
345.25 0
345.425 0
345.6 0
345.775 0
345.95 0
346.125 0
346.3 0
346.475 0
346.65 0
346.825 0
347 0
347.175 0
347.35 0
347.525 0
347.7 0
347.875 0
348.05 0
348.225 0
348.4 0
348.575 0
348.75 0
348.925 0
349.1 0
349.275 0
349.45 0
349.625 0
349.8 0
349.975 0
350.15 0
350.325 0
350.5 0
350.675 0
350.85 0
351.025 0
351.2 0
351.375 0
351.55 0
351.725 0
351.9 0
352.075 0
352.25 0
352.425 0
352.6 0
352.775 0
352.95 0
353.125 0
353.3 0
353.475 0
353.65 0
353.825 0
354 0
354.175 0
354.35 0
354.525 0
354.7 0
354.875 0
355.05 0
355.225 0
355.4 0
355.575 0
355.75 0
355.925 0
356.1 0
356.275 0
356.45 0
356.625 0
356.8 0
356.975 0
357.15 0
357.325 0
357.5 0
357.675 0
357.85 0
358.025 0
358.2 0
358.375 0
358.55 0
358.725 0
358.9 0
359.075 0
359.25 0
359.425 0
359.6 0
359.775 0
359.95 0
360.125 0
360.3 0
360.475 0
360.65 0
360.825 0
361 0
361.175 0
361.35 0
361.525 0
361.7 0
361.875 0
362.05 0
362.225 0
362.4 0
362.575 0
362.75 0
362.925 0
363.1 0
363.275 0
363.45 0
363.625 0
363.8 0
363.975 0
364.15 0
364.325 0
364.5 0
364.675 0
364.85 0
365.025 0
365.2 0
365.375 0
365.55 0
365.725 0
365.9 0
366.075 0
366.25 0
366.425 0
366.6 0
366.775 0
366.95 0
367.125 0
367.3 0
367.475 0
367.65 0
367.825 0
368 0
368.175 0
368.35 0
368.525 0
368.7 0
368.875 0
369.05 0
369.225 0
369.4 0
369.575 0
369.75 0
369.925 0
370.1 0
370.275 0
370.45 0
370.625 0
370.8 0
370.975 0
371.15 0
371.325 0
371.5 0
371.675 0
371.85 0
372.025 0
372.2 0
372.375 0
372.55 0
372.725 0
372.9 0
373.075 0
373.25 0
373.425 0
373.6 0
373.775 0
373.95 0
374.125 0
374.3 0
374.475 0
374.65 0
374.825 0
375 0
375.175 0
375.35 0
375.525 0
375.7 0
375.875 0
376.05 0
376.225 0
376.4 0
376.575 0
376.75 0
376.925 0
377.1 0
377.275 0
377.45 0
377.625 0
377.8 0
377.975 0
378.15 0
378.325 0
378.5 0
378.675 0
378.85 0
379.025 0
379.2 0
379.375 0
379.55 0
379.725 0
379.9 0
380.075 0
380.25 0
380.425 0
380.6 0
380.775 0
380.95 0
381.125 0
381.3 0
381.475 0
381.65 0
381.825 0
382 0
382.175 0
382.35 0
382.525 0
382.7 0
382.875 0
383.05 0
383.225 0
383.4 0
383.575 0
383.75 0
383.925 0
384.1 0
384.275 0
384.45 0
384.625 0
384.8 0
384.975 0
385.15 0
385.325 0
385.5 0
385.675 0
385.85 0
386.025 0
386.2 0
386.375 0
386.55 0
386.725 0
386.9 0
387.075 0
387.25 0
387.425 0
387.6 0
387.775 0
387.95 0
388.125 0
388.3 0
388.475 0
388.65 0
388.825 0
389 0
389.175 0
389.35 0
389.525 0
389.7 0
389.875 0
390.05 0
390.225 0
390.4 0
390.575 0
390.75 0
390.925 0
391.1 0
391.275 0
391.45 0
391.625 0
391.8 0
391.975 0
392.15 0
392.325 0
392.5 0
392.675 0
392.85 0
393.025 0
393.2 0
393.375 0
393.55 0
393.725 0
393.9 0
394.075 0
394.25 0
394.425 0
394.6 0
394.775 0
394.95 0
395.125 0
395.3 0
395.475 0
395.65 0
395.825 0
396 0
396.175 0
396.35 0
396.525 0
396.7 0
396.875 0
397.05 0
397.225 0
397.4 0
397.575 0
397.75 0
397.925 0
398.1 0
398.275 0
398.45 0
398.625 0
398.8 0
398.975 0
399.15 0
399.325 0
399.5 0
399.675 0
399.85 0
400.025 0
400.2 0
400.375 0
400.55 0
400.725 0
400.9 0
401.075 0
401.25 0
401.425 0
401.6 0
401.775 0
401.95 0
402.125 0
402.3 0
402.475 0
402.65 0
402.825 0
403 0
403.175 0
403.35 0
403.525 0
403.7 0
403.875 0
404.05 0
404.225 0
404.4 0
404.575 0
404.75 0
404.925 0
405.1 0
405.275 0
405.45 0
405.625 0
405.8 0
405.975 0
406.15 0
406.325 0
406.5 0
406.675 0
406.85 0
407.025 0
407.2 0
407.375 0
407.55 0
407.725 0
407.9 0
408.075 0
408.25 0
408.425 0
408.6 0
408.775 0
408.95 0
409.125 0
409.3 0
409.475 0
409.65 0
409.825 0
410 0
410.175 0
410.35 0
410.525 0
410.7 0
410.875 0
411.05 0
411.225 0
411.4 0
411.575 0
411.75 0
411.925 0
412.1 0
412.275 0
412.45 0
412.625 0
412.8 0
412.975 0
413.15 0
413.325 0
413.5 0
413.675 0
413.85 0
414.025 0
414.2 0
414.375 0
414.55 0
414.725 0
414.9 0
415.075 0
415.25 0
415.425 0
415.6 0
415.775 0
415.95 0
416.125 0
416.3 0
416.475 0
416.65 0
416.825 0
417 0
417.175 0
417.35 0
417.525 0
417.7 0
417.875 0
418.05 0
418.225 0
418.4 0
418.575 0
418.75 0
418.925 0
419.1 nan
419.275 nan
419.45 nan
419.625 nan
419.8 nan
419.975 nan
420.15 nan
420.325 nan
420.5 nan
420.675 nan
420.85 nan
421.025 nan
421.2 nan
421.375 nan
421.55 nan
421.725 nan
421.9 nan
422.075 nan
422.25 nan
422.425 nan
422.6 nan
422.775 nan
422.95 nan
423.125 nan
423.3 nan
423.475 nan
423.65 nan
423.825 nan
424 nan
424.175 nan
424.35 nan
424.525 nan
424.7 nan
424.875 nan
425.05 nan
425.225 nan
425.4 nan
425.575 nan
425.75 nan
425.925 nan
426.1 nan
426.275 nan
426.45 nan
426.625 nan
426.8 nan
426.975 nan
427.15 nan
427.325 nan
427.5 nan
427.675 nan
427.85 nan
428.025 nan
428.2 nan
428.375 nan
428.55 nan
428.725 nan
428.9 nan
429.075 nan
429.25 nan
429.425 nan
429.6 nan
429.775 nan
429.95 nan
430.125 nan
430.3 nan
430.475 nan
430.65 nan
430.825 nan
431 nan
431.175 nan
431.35 nan
431.525 nan
431.7 nan
431.875 nan
432.05 nan
432.225 nan
432.4 nan
432.575 nan
432.75 nan
432.925 nan
433.1 nan
433.275 nan
433.45 nan
433.625 nan
433.8 nan
433.975 nan
434.15 nan
434.325 nan
434.5 nan
434.675 nan
434.85 nan
435.025 nan
435.2 nan
435.375 nan
435.55 nan
435.725 nan
435.9 nan
436.075 nan
436.25 nan
436.425 nan
436.6 nan
436.775 nan
436.95 nan
437.125 nan
437.3 nan
437.475 nan
437.65 nan
437.825 nan
438 nan
438.175 nan
438.35 nan
438.525 nan
438.7 nan
438.875 nan
439.05 nan
439.225 nan
439.4 nan
439.575 nan
439.75 nan
439.925 nan
440.1 nan
440.275 nan
440.45 nan
440.625 nan
440.8 nan
440.975 nan
441.15 nan
441.325 nan
441.5 nan
441.675 nan
441.85 nan
442.025 nan
442.2 nan
442.375 nan
442.55 nan
442.725 nan
442.9 nan
443.075 nan
443.25 nan
443.425 nan
443.6 nan
443.775 nan
443.95 nan
444.125 nan
444.3 nan
444.475 nan
444.65 nan
444.825 nan
445 nan
445.175 nan
445.35 nan
445.525 nan
445.7 nan
445.875 nan
446.05 nan
446.225 nan
446.4 nan
446.575 nan
446.75 nan
446.925 nan
447.1 nan
447.275 nan
447.45 nan
447.625 nan
447.8 nan
447.975 nan
448.15 nan
448.325 nan
448.5 nan
448.675 nan
448.85 nan
449.025 nan
449.2 nan
449.375 nan
449.55 nan
449.725 nan
449.9 nan
450.075 nan
450.25 37048.7
450.425 37236.8
450.6 37425.7
450.775 37615.4
450.95 37805.8
451.125 37997
451.3 38188.9
451.475 38381.6
451.65 38575
451.825 38769.2
452 38964.2
452.175 39159.9
452.35 39356.4
452.525 39553.7
452.7 39751.7
452.875 39950.5
453.05 40150.1
453.225 40350.5
453.4 40551.6
453.575 40753.5
453.75 40956.3
453.925 41159.8
454.1 41364.1
454.275 41569.1
454.45 41775
454.625 41981.7
454.8 42189.1
454.975 42397.4
455.15 42606.4
455.325 42816.3
455.5 43027
455.675 43238.4
455.85 43450.7
456.025 43663.8
456.2 43877.7
456.375 44092.4
456.55 44307.9
456.725 44524.3
456.9 44741.4
457.075 44959.4
457.25 45178.2
457.425 45397.9
457.6 45618.4
457.775 45839.6
457.95 46061.8
458.125 46284.7
458.3 46508.5
458.475 46733.2
458.65 46958.7
458.825 47185
459 47412.1
459.175 47640.1
459.35 47869
459.525 48098.7
459.7 48329.3
459.875 48560.7
460.05 48793
460.225 49026.1
460.4 49260.1
460.575 49494.9
460.75 49730.6
460.925 49967.2
461.1 50204.7
461.275 50443
461.45 50682.2
461.625 50922.2
461.8 51163.2
461.975 51405
462.15 51647.7
462.325 51891.3
462.5 52135.8
462.675 52381.1
462.85 52627.4
463.025 52874.5
463.2 53122.5
463.375 53371.5
463.55 53621.3
463.725 53872
463.9 54123.6
464.075 54376.1
464.25 54629.6
464.425 54883.9
464.6 55139.1
464.775 55395.3
464.95 55652.4
465.125 55910.3
465.3 56169.2
465.475 56429.1
465.65 56689.8
465.825 56951.5
466 57214
466.175 57477.6
466.35 57742
466.525 58007.4
466.7 58273.7
466.875 58540.9
467.05 58809.1
467.225 59078.2
467.4 59348.3
467.575 59619.3
467.75 59891.3
467.925 60164.2
468.1 60438
468.275 60712.8
468.45 60988.6
468.625 61265.3
468.8 61542.9
468.975 61821.6
469.15 62101.1
469.325 62381.7
469.5 62663.2
469.675 62945.7
469.85 63229.2
470.025 63513.6
470.2 63799
470.375 64085.4
470.55 64372.7
470.725 64661.1
470.9 64950.4
471.075 65240.7
471.25 65532
471.425 65824.2
471.6 66117.5
471.775 66411.8
471.95 66707
472.125 67003.3
472.3 67300.5
472.475 67598.8
472.65 67898
472.825 68198.3
