298 inf
298.175 inf
298.35 inf
298.525 inf
298.7 inf
298.875 inf
299.05 inf
299.225 inf
299.4 inf
299.575 inf
299.75 inf
299.925 inf
300.1 inf
300.275 inf
300.45 inf
300.625 inf
300.8 inf
300.975 inf
301.15 inf
301.325 inf
301.5 inf
301.675 inf
301.85 inf
302.025 inf
302.2 inf
302.375 inf
302.55 inf
302.725 inf
302.9 inf
303.075 inf
303.25 inf
303.425 inf
303.6 inf
303.775 inf
303.95 inf
304.125 inf
304.3 inf
304.475 inf
304.65 inf
304.825 inf
305 inf
305.175 inf
305.35 inf
305.525 inf
305.7 inf
305.875 inf
306.05 inf
306.225 inf
306.4 inf
306.575 inf
306.75 inf
306.925 inf
307.1 inf
307.275 inf
307.45 inf
307.625 inf
307.8 inf
307.975 inf
308.15 inf
308.325 inf
308.5 inf
308.675 inf
308.85 inf
309.025 inf
309.2 inf
309.375 inf
309.55 inf
309.725 inf
309.9 inf
310.075 inf
310.25 inf
310.425 inf
310.6 inf
310.775 inf
310.95 inf
311.125 inf
311.3 inf
311.475 inf
311.65 inf
311.825 inf
312 inf
312.175 inf
312.35 inf
312.525 inf
312.7 inf
312.875 inf
313.05 inf
313.225 inf
313.4 inf
313.575 inf
313.75 inf
313.925 inf
314.1 inf
314.275 inf
314.45 inf
314.625 inf
314.8 inf
314.975 inf
315.15 inf
315.325 inf
315.5 inf
315.675 inf
315.85 inf
316.025 inf
316.2 inf
316.375 inf
316.55 inf
316.725 inf
316.9 inf
317.075 inf
317.25 inf
317.425 inf
317.6 inf
317.775 inf
317.95 inf
318.125 inf
318.3 inf
318.475 inf
318.65 inf
318.825 inf
319 inf
319.175 inf
319.35 inf
319.525 inf
319.7 inf
319.875 inf
320.05 inf
320.225 inf
320.4 inf
320.575 inf
320.75 inf
320.925 inf
321.1 inf
321.275 inf
321.45 inf
321.625 inf
321.8 inf
321.975 inf
322.15 inf
322.325 inf
322.5 inf
322.675 inf
322.85 inf
323.025 inf
323.2 inf
323.375 inf
323.55 inf
323.725 inf
323.9 inf
324.075 inf
324.25 inf
324.425 inf
324.6 inf
324.775 inf
324.95 inf
325.125 inf
325.3 inf
325.475 inf
325.65 inf
325.825 inf
326 inf
326.175 inf
326.35 inf
326.525 inf
326.7 inf
326.875 inf
327.05 inf
327.225 inf
327.4 inf
327.575 inf
327.75 inf
327.925 inf
328.1 inf
328.275 inf
328.45 inf
328.625 inf
328.8 inf
328.975 inf
329.15 inf
329.325 inf
329.5 inf
329.675 inf
329.85 inf
330.025 inf
330.2 inf
330.375 inf
330.55 inf
330.725 inf
330.9 inf
331.075 inf
331.25 inf
331.425 inf
331.6 inf
331.775 inf
331.95 inf
332.125 inf
332.3 inf
332.475 inf
332.65 inf
332.825 inf
333 inf
333.175 inf
333.35 inf
333.525 inf
333.7 inf
333.875 inf
334.05 inf
334.225 inf
334.4 inf
334.575 inf
334.75 inf
334.925 inf
335.1 inf
335.275 inf
335.45 inf
335.625 inf
335.8 inf
335.975 inf
336.15 inf
336.325 inf
336.5 inf
336.675 inf
336.85 inf
337.025 inf
337.2 inf
337.375 inf
337.55 inf
337.725 inf
337.9 inf
338.075 inf
338.25 inf
338.425 inf
338.6 inf
338.775 inf
338.95 inf
339.125 inf
339.3 inf
339.475 inf
339.65 inf
339.825 inf
340 inf
340.175 inf
340.35 inf
340.525 inf
340.7 inf
340.875 inf
341.05 inf
341.225 inf
341.4 inf
341.575 inf
341.75 inf
341.925 inf
342.1 inf
342.275 inf
342.45 inf
342.625 inf
342.8 inf
342.975 inf
343.15 inf
343.325 inf
343.5 inf
343.675 inf
343.85 inf
344.025 inf
344.2 inf
344.375 inf
344.55 inf
344.725 inf
344.9 inf
345.075 inf
345.25 inf
345.425 inf
345.6 inf
345.775 inf
345.95 inf
346.125 inf
346.3 inf
346.475 inf
346.65 inf
346.825 inf
347 inf
347.175 inf
347.35 inf
347.525 inf
347.7 inf
347.875 inf
348.05 inf
348.225 inf
348.4 inf
348.575 inf
348.75 inf
348.925 inf
349.1 inf
349.275 inf
349.45 inf
349.625 inf
349.8 inf
349.975 inf
350.15 inf
350.325 inf
350.5 inf
350.675 inf
350.85 inf
351.025 inf
351.2 inf
351.375 inf
351.55 inf
351.725 inf
351.9 inf
352.075 inf
352.25 inf
352.425 inf
352.6 inf
352.775 inf
352.95 inf
353.125 inf
353.3 inf
353.475 inf
353.65 inf
353.825 inf
354 inf
354.175 inf
354.35 inf
354.525 inf
354.7 inf
354.875 inf
355.05 inf
355.225 inf
355.4 inf
355.575 inf
355.75 inf
355.925 inf
356.1 inf
356.275 inf
356.45 inf
356.625 inf
356.8 inf
356.975 inf
357.15 inf
357.325 inf
357.5 inf
357.675 inf
357.85 inf
358.025 inf
358.2 inf
358.375 inf
358.55 inf
358.725 inf
358.9 inf
359.075 inf
359.25 inf
359.425 inf
359.6 inf
359.775 inf
359.95 inf
360.125 inf
360.3 inf
360.475 inf
360.65 inf
360.825 inf
361 inf
361.175 inf
361.35 inf
361.525 inf
361.7 inf
361.875 inf
362.05 inf
362.225 inf
362.4 inf
362.575 inf
362.75 inf
362.925 inf
363.1 inf
363.275 inf
363.45 inf
363.625 inf
363.8 inf
363.975 inf
364.15 inf
364.325 inf
364.5 inf
364.675 inf
364.85 inf
365.025 inf
365.2 inf
365.375 inf
365.55 inf
365.725 inf
365.9 inf
366.075 inf
366.25 inf
366.425 inf
366.6 inf
366.775 inf
366.95 inf
367.125 inf
367.3 inf
367.475 inf
367.65 inf
367.825 inf
368 inf
368.175 inf
368.35 inf
368.525 inf
368.7 inf
368.875 inf
369.05 inf
369.225 inf
369.4 inf
369.575 inf
369.75 inf
369.925 inf
370.1 inf
370.275 inf
370.45 inf
370.625 inf
370.8 inf
370.975 inf
371.15 inf
371.325 inf
371.5 inf
371.675 inf
371.85 inf
372.025 inf
372.2 inf
372.375 inf
372.55 inf
372.725 inf
372.9 inf
373.075 inf
373.25 inf
373.425 inf
373.6 inf
373.775 inf
373.95 inf
374.125 inf
374.3 inf
374.475 inf
374.65 inf
374.825 inf
375 inf
375.175 inf
375.35 inf
375.525 inf
375.7 inf
375.875 inf
376.05 inf
376.225 inf
376.4 inf
376.575 inf
376.75 inf
376.925 inf
377.1 inf
377.275 inf
377.45 inf
377.625 inf
377.8 inf
377.975 inf
378.15 inf
378.325 inf
378.5 inf
378.675 inf
378.85 inf
379.025 inf
379.2 inf
379.375 inf
379.55 inf
379.725 inf
379.9 inf
380.075 inf
380.25 inf
380.425 inf
380.6 inf
380.775 inf
380.95 inf
381.125 inf
381.3 inf
381.475 inf
381.65 inf
381.825 inf
382 inf
382.175 inf
382.35 inf
382.525 inf
382.7 inf
382.875 inf
383.05 inf
383.225 inf
383.4 inf
383.575 inf
383.75 inf
383.925 inf
384.1 inf
384.275 inf
384.45 inf
384.625 inf
384.8 inf
384.975 inf
385.15 inf
385.325 inf
385.5 inf
385.675 inf
385.85 inf
386.025 inf
386.2 inf
386.375 inf
386.55 inf
386.725 inf
386.9 inf
387.075 inf
387.25 inf
387.425 inf
387.6 inf
387.775 inf
387.95 inf
388.125 inf
388.3 inf
388.475 inf
388.65 inf
388.825 inf
389 inf
389.175 inf
389.35 inf
389.525 inf
389.7 inf
389.875 inf
390.05 inf
390.225 inf
390.4 inf
390.575 inf
390.75 inf
390.925 inf
391.1 inf
391.275 inf
391.45 inf
391.625 inf
391.8 inf
391.975 inf
392.15 inf
392.325 inf
392.5 inf
392.675 inf
392.85 inf
393.025 inf
393.2 inf
393.375 inf
393.55 inf
393.725 inf
393.9 inf
394.075 inf
394.25 inf
394.425 inf
394.6 inf
394.775 inf
394.95 inf
395.125 inf
395.3 inf
395.475 inf
395.65 inf
395.825 inf
396 inf
396.175 inf
396.35 inf
396.525 inf
396.7 inf
396.875 inf
397.05 inf
397.225 inf
397.4 inf
397.575 inf
397.75 inf
397.925 inf
398.1 inf
398.275 inf
398.45 inf
398.625 inf
398.8 inf
398.975 inf
399.15 inf
399.325 inf
399.5 inf
399.675 inf
399.85 inf
400.025 inf
400.2 inf
400.375 inf
400.55 inf
400.725 inf
400.9 inf
401.075 inf
401.25 inf
401.425 inf
401.6 inf
401.775 inf
401.95 inf
402.125 inf
402.3 inf
402.475 inf
402.65 inf
402.825 inf
403 inf
403.175 inf
403.35 inf
403.525 inf
403.7 inf
403.875 inf
404.05 inf
404.225 inf
404.4 inf
404.575 inf
404.75 inf
404.925 inf
405.1 inf
405.275 inf
405.45 inf
405.625 inf
405.8 inf
405.975 inf
406.15 inf
406.325 inf
406.5 inf
406.675 inf
406.85 inf
407.025 inf
407.2 inf
407.375 inf
407.55 inf
407.725 inf
407.9 inf
408.075 inf
408.25 inf
408.425 inf
408.6 inf
408.775 inf
408.95 inf
409.125 inf
409.3 inf
409.475 inf
409.65 inf
409.825 inf
410 inf
410.175 inf
410.35 inf
410.525 inf
410.7 inf
410.875 inf
411.05 inf
411.225 inf
411.4 inf
411.575 inf
411.75 inf
411.925 inf
412.1 inf
412.275 inf
412.45 inf
412.625 inf
412.8 inf
412.975 inf
413.15 inf
413.325 inf
413.5 inf
413.675 inf
413.85 inf
414.025 inf
414.2 inf
414.375 inf
414.55 inf
414.725 inf
414.9 inf
415.075 inf
415.25 inf
415.425 inf
415.6 inf
415.775 inf
415.95 inf
416.125 inf
416.3 inf
416.475 inf
416.65 inf
416.825 inf
417 inf
417.175 inf
417.35 inf
417.525 inf
417.7 inf
417.875 inf
418.05 inf
418.225 inf
418.4 inf
418.575 inf
418.75 inf
418.925 inf
419.1 nan
419.275 nan
419.45 nan
419.625 nan
419.8 nan
419.975 nan
420.15 nan
420.325 nan
420.5 nan
420.675 nan
420.85 nan
421.025 nan
421.2 nan
421.375 nan
421.55 nan
421.725 nan
421.9 nan
422.075 nan
422.25 nan
422.425 nan
422.6 nan
422.775 nan
422.95 nan
423.125 nan
423.3 nan
423.475 nan
423.65 nan
423.825 nan
424 nan
424.175 nan
424.35 nan
424.525 nan
424.7 nan
424.875 nan
425.05 nan
425.225 nan
425.4 nan
425.575 nan
425.75 nan
425.925 nan
426.1 nan
426.275 nan
426.45 nan
426.625 nan
426.8 nan
426.975 nan
427.15 nan
427.325 nan
427.5 nan
427.675 nan
427.85 nan
428.025 nan
428.2 nan
428.375 nan
428.55 nan
428.725 nan
428.9 nan
429.075 nan
429.25 nan
429.425 nan
429.6 nan
429.775 nan
429.95 nan
430.125 nan
430.3 nan
430.475 nan
430.65 nan
430.825 nan
431 nan
431.175 nan
431.35 nan
431.525 nan
431.7 nan
431.875 nan
432.05 nan
432.225 nan
432.4 nan
432.575 nan
432.75 nan
432.925 nan
433.1 nan
433.275 nan
433.45 nan
433.625 nan
433.8 nan
433.975 nan
434.15 nan
434.325 nan
434.5 nan
434.675 nan
434.85 nan
435.025 nan
435.2 nan
435.375 nan
435.55 nan
435.725 nan
435.9 nan
436.075 nan
436.25 nan
436.425 nan
436.6 nan
436.775 nan
436.95 nan
437.125 nan
437.3 nan
437.475 nan
437.65 nan
437.825 nan
438 nan
438.175 nan
438.35 nan
438.525 nan
438.7 nan
438.875 nan
439.05 nan
439.225 nan
439.4 nan
439.575 nan
439.75 nan
439.925 nan
440.1 nan
440.275 nan
440.45 nan
440.625 nan
440.8 nan
440.975 nan
441.15 nan
441.325 nan
441.5 nan
441.675 nan
441.85 nan
442.025 nan
442.2 nan
442.375 nan
442.55 nan
442.725 nan
442.9 nan
443.075 nan
443.25 nan
443.425 nan
443.6 nan
443.775 nan
443.95 nan
444.125 nan
444.3 nan
444.475 nan
444.65 nan
444.825 nan
445 nan
445.175 nan
445.35 nan
445.525 nan
445.7 nan
445.875 nan
446.05 nan
446.225 nan
446.4 nan
446.575 nan
446.75 nan
446.925 nan
447.1 nan
447.275 nan
447.45 nan
447.625 nan
447.8 nan
447.975 nan
448.15 nan
448.325 nan
448.5 nan
448.675 nan
448.85 nan
449.025 nan
449.2 nan
449.375 nan
449.55 nan
449.725 nan
449.9 nan
450.075 nan
450.25 0.580013
450.425 0.577307
450.6 0.574616
450.775 0.571941
450.95 0.569281
451.125 0.566637
451.3 0.564008
451.475 0.561394
451.65 0.558795
451.825 0.556212
452 0.553643
452.175 0.551089
452.35 0.54855
452.525 0.546025
452.7 0.543515
452.875 0.541019
453.05 0.538538
453.225 0.53607
453.4 0.533617
453.575 0.531178
453.75 0.528753
453.925 0.526342
454.1 0.523944
454.275 0.52156
454.45 0.51919
454.625 0.516833
454.8 0.51449
454.975 0.512159
455.15 0.509842
455.325 0.507539
455.5 0.505248
455.675 0.50297
455.85 0.500705
456.025 0.498453
456.2 0.496213
456.375 0.493986
456.55 0.491772
456.725 0.48957
456.9 0.48738
457.075 0.485203
457.25 0.483038
457.425 0.480885
457.6 0.478744
457.775 0.476615
457.95 0.474498
458.125 0.472392
458.3 0.470299
458.475 0.468217
458.65 0.466146
458.825 0.464088
459 0.46204
459.175 0.460004
459.35 0.457979
459.525 0.455966
459.7 0.453963
459.875 0.451972
460.05 0.449992
460.225 0.448022
460.4 0.446064
460.575 0.444116
460.75 0.442179
460.925 0.440252
461.1 0.438337
461.275 0.436431
461.45 0.434536
461.625 0.432652
461.8 0.430777
461.975 0.428913
462.15 0.42706
462.325 0.425216
462.5 0.423382
462.675 0.421558
462.85 0.419745
463.025 0.417941
463.2 0.416147
463.375 0.414362
463.55 0.412587
463.725 0.410822
463.9 0.409067
464.075 0.407321
464.25 0.405584
464.425 0.403857
464.6 0.402139
464.775 0.40043
464.95 0.39873
465.125 0.39704
465.3 0.395359
465.475 0.393686
465.65 0.392023
465.825 0.390368
466 0.388723
466.175 0.387086
466.35 0.385458
466.525 0.383838
466.7 0.382227
466.875 0.380625
467.05 0.379032
467.225 0.377446
467.4 0.375869
467.575 0.374301
467.75 0.372741
467.925 0.371189
468.1 0.369645
468.275 0.36811
468.45 0.366582
468.625 0.365063
468.8 0.363552
468.975 0.362048
469.15 0.360553
469.325 0.359065
469.5 0.357585
469.675 0.356113
469.85 0.354649
470.025 0.353192
470.2 0.351743
470.375 0.350301
470.55 0.348867
470.725 0.347441
470.9 0.346022
471.075 0.34461
471.25 0.343206
471.425 0.341809
471.6 0.340419
471.775 0.339037
471.95 0.337661
472.125 0.336293
472.3 0.334932
472.475 0.333577
472.65 0.33223
472.825 0.33089
