298 0.00107087
298.175 0.0010715
298.35 0.00107213
298.525 0.00107275
298.7 0.00107338
298.875 0.00107401
299.05 0.00107464
299.225 0.00107527
299.4 0.0010759
299.575 0.00107653
299.75 0.00107716
299.925 0.00107778
300.1 0.00107841
300.275 0.00107904
300.45 0.00107967
300.625 0.0010803
300.8 0.00108093
300.975 0.00108156
301.15 0.00108219
301.325 0.00108282
301.5 0.00108344
301.675 0.00108407
301.85 0.0010847
302.025 0.00108533
302.2 0.00108596
302.375 0.00108659
302.55 0.00108722
302.725 0.00108785
302.9 0.00108848
303.075 0.0010891
303.25 0.00108973
303.425 0.00109036
303.6 0.00109099
303.775 0.00109162
303.95 0.00109225
304.125 0.00109288
304.3 0.00109351
304.475 0.00109414
304.65 0.00109476
304.825 0.00109539
305 0.00109602
305.175 0.00109665
305.35 0.00109728
305.525 0.00109791
305.7 0.00109854
305.875 0.00109917
306.05 0.0010998
306.225 0.00110042
306.4 0.00110105
306.575 0.00110168
306.75 0.00110231
306.925 0.00110294
307.1 0.00110357
307.275 0.0011042
307.45 0.00110483
307.625 0.00110546
307.8 0.00110608
307.975 0.00110671
308.15 0.00110734
308.325 0.00110797
308.5 0.0011086
308.675 0.00110923
308.85 0.00110986
309.025 0.00111049
309.2 0.00111111
309.375 0.00111174
309.55 0.00111237
309.725 0.001113
309.9 0.00111363
310.075 0.00111426
310.25 0.00111489
310.425 0.00111552
310.6 0.00111615
310.775 0.00111677
310.95 0.0011174
311.125 0.00111803
311.3 0.00111866
311.475 0.00111929
311.65 0.00111992
311.825 0.00112055
312 0.00112118
312.175 0.00112181
312.35 0.00112243
312.525 0.00112306
312.7 0.00112369
312.875 0.00112432
313.05 0.00112495
313.225 0.00112558
313.4 0.00112621
313.575 0.00112684
313.75 0.00112747
313.925 0.00112809
314.1 0.00112872
314.275 0.00112935
314.45 0.00112998
314.625 0.00113061
314.8 0.00113124
314.975 0.00113187
315.15 0.0011325
315.325 0.00113313
315.5 0.00113375
315.675 0.00113438
315.85 0.00113501
316.025 0.00113564
316.2 0.00113627
316.375 0.0011369
316.55 0.00113753
316.725 0.00113816
316.9 0.00113878
317.075 0.00113941
317.25 0.00114004
317.425 0.00114067
317.6 0.0011413
317.775 0.00114193
317.95 0.00114256
318.125 0.00114319
318.3 0.00114382
318.475 0.00114444
318.65 0.00114507
318.825 0.0011457
319 0.00114633
319.175 0.00114696
319.35 0.00114759
319.525 0.00114822
319.7 0.00114885
319.875 0.00114948
320.05 0.0011501
320.225 0.00115073
320.4 0.00115136
320.575 0.00115199
320.75 0.00115262
320.925 0.00115325
321.1 0.00115388
321.275 0.00115451
321.45 0.00115514
321.625 0.00115576
321.8 0.00115639
321.975 0.00115702
322.15 0.00115765
322.325 0.00115828
322.5 0.00115891
322.675 0.00115954
322.85 0.00116017
323.025 0.0011608
323.2 0.00116142
323.375 0.00116205
323.55 0.00116268
323.725 0.00116331
323.9 0.00116394
324.075 0.00116457
324.25 0.0011652
324.425 0.00116583
324.6 0.00116645
324.775 0.00116708
324.95 0.00116771
325.125 0.00116834
325.3 0.00116897
325.475 0.0011696
325.65 0.00117023
325.825 0.00117086
326 0.00117149
326.175 0.00117211
326.35 0.00117274
326.525 0.00117337
326.7 0.001174
326.875 0.00117463
327.05 0.00117526
327.225 0.00117589
327.4 0.00117652
327.575 0.00117715
327.75 0.00117777
327.925 0.0011784
328.1 0.00117903
328.275 0.00117966
328.45 0.00118029
328.625 0.00118092
328.8 0.00118155
328.975 0.00118218
329.15 0.00118281
329.325 0.00118343
329.5 0.00118406
329.675 0.00118469
329.85 0.00118532
330.025 0.00118595
330.2 0.00118658
330.375 0.00118721
330.55 0.00118784
330.725 0.00118847
330.9 0.00118909
331.075 0.00118972
331.25 0.00119035
331.425 0.00119098
331.6 0.00119161
331.775 0.00119224
331.95 0.00119287
332.125 0.0011935
332.3 0.00119413
332.475 0.00119475
332.65 0.00119538
332.825 0.00119601
333 0.00119664
333.175 0.00119727
333.35 0.0011979
333.525 0.00119853
333.7 0.00119916
333.875 0.00119978
334.05 0.00120041
334.225 0.00120104
334.4 0.00120167
334.575 0.0012023
334.75 0.00120293
334.925 0.00120356
335.1 0.00120419
335.275 0.00120482
335.45 0.00120544
335.625 0.00120607
335.8 0.0012067
335.975 0.00120733
336.15 0.00120796
336.325 0.00120859
336.5 0.00120922
336.675 0.00120985
336.85 0.00121048
337.025 0.0012111
337.2 0.00121173
337.375 0.00121236
337.55 0.00121299
337.725 0.00121362
337.9 0.00121425
338.075 0.00121488
338.25 0.00121551
338.425 0.00121614
338.6 0.00121676
338.775 0.00121739
338.95 0.00121802
339.125 0.00121865
339.3 0.00121928
339.475 0.00121991
339.65 0.00122054
339.825 0.00122117
340 0.0012218
340.175 0.00122242
340.35 0.00122305
340.525 0.00122368
340.7 0.00122431
340.875 0.00122494
341.05 0.00122557
341.225 0.0012262
341.4 0.00122683
341.575 0.00122745
341.75 0.00122808
341.925 0.00122871
342.1 0.00122934
342.275 0.00122997
342.45 0.0012306
342.625 0.00123123
342.8 0.00123186
342.975 0.00123249
343.15 0.00123311
343.325 0.00123374
343.5 0.00123437
343.675 0.001235
343.85 0.00123563
344.025 0.00123626
344.2 0.00123689
344.375 0.00123752
344.55 0.00123815
344.725 0.00123877
344.9 0.0012394
345.075 0.00124003
345.25 0.00124066
345.425 0.00124129
345.6 0.00124192
345.775 0.00124255
345.95 0.00124318
346.125 0.00124381
346.3 0.00124443
346.475 0.00124506
346.65 0.00124569
346.825 0.00124632
347 0.00124695
347.175 0.00124758
347.35 0.00124821
347.525 0.00124884
347.7 0.00124947
347.875 0.00125009
348.05 0.00125072
348.225 0.00125135
348.4 0.00125198
348.575 0.00125261
348.75 0.00125324
348.925 0.00125387
349.1 0.0012545
349.275 0.00125512
349.45 0.00125575
349.625 0.00125638
349.8 0.00125701
349.975 0.00125764
350.15 0.00125827
350.325 0.0012589
350.5 0.00125953
350.675 0.00126016
350.85 0.00126078
351.025 0.00126141
351.2 0.00126204
351.375 0.00126267
351.55 0.0012633
351.725 0.00126393
351.9 0.00126456
352.075 0.00126519
352.25 0.00126582
352.425 0.00126644
352.6 0.00126707
352.775 0.0012677
352.95 0.00126833
353.125 0.00126896
353.3 0.00126959
353.475 0.00127022
353.65 0.00127085
353.825 0.00127148
354 0.0012721
354.175 0.00127273
354.35 0.00127336
354.525 0.00127399
354.7 0.00127462
354.875 0.00127525
355.05 0.00127588
355.225 0.00127651
355.4 0.00127714
355.575 0.00127776
355.75 0.00127839
355.925 0.00127902
356.1 0.00127965
356.275 0.00128028
356.45 0.00128091
356.625 0.00128154
356.8 0.00128217
356.975 0.00128279
357.15 0.00128342
357.325 0.00128405
357.5 0.00128468
357.675 0.00128531
357.85 0.00128594
358.025 0.00128657
358.2 0.0012872
358.375 0.00128783
358.55 0.00128845
358.725 0.00128908
358.9 0.00128971
359.075 0.00129034
359.25 0.00129097
359.425 0.0012916
359.6 0.00129223
359.775 0.00129286
359.95 0.00129349
360.125 0.00129411
360.3 0.00129474
360.475 0.00129537
360.65 0.001296
360.825 0.00129663
361 0.00129726
361.175 0.00129789
361.35 0.00129852
361.525 0.00129915
361.7 0.00129977
361.875 0.0013004
362.05 0.00130103
362.225 0.00130166
362.4 0.00130229
362.575 0.00130292
362.75 0.00130355
362.925 0.00130418
363.1 0.00130481
363.275 0.00130543
363.45 0.00130606
363.625 0.00130669
363.8 0.00130732
363.975 0.00130795
364.15 0.00130858
364.325 0.00130921
364.5 0.00130984
364.675 0.00131047
364.85 0.00131109
365.025 0.00131172
365.2 0.00131235
365.375 0.00131298
365.55 0.00131361
365.725 0.00131424
365.9 0.00131487
366.075 0.0013155
366.25 0.00131612
366.425 0.00131675
366.6 0.00131738
366.775 0.00131801
366.95 0.00131864
367.125 0.00131927
367.3 0.0013199
367.475 0.00132053
367.65 0.00132116
367.825 0.00132178
368 0.00132241
368.175 0.00132304
368.35 0.00132367
368.525 0.0013243
368.7 0.00132493
368.875 0.00132556
369.05 0.00132619
369.225 0.00132682
369.4 0.00132744
369.575 0.00132807
369.75 0.0013287
369.925 0.00132933
370.1 0.00132996
370.275 0.00133059
370.45 0.00133122
370.625 0.00133185
370.8 0.00133248
370.975 0.0013331
371.15 0.00133373
371.325 0.00133436
371.5 0.00133499
371.675 0.00133562
371.85 0.00133625
372.025 0.00133688
372.2 0.00133751
372.375 0.00133814
372.55 0.00133876
372.725 0.00133939
372.9 0.00134002
373.075 0.00134065
373.25 0.00134128
373.425 0.00134191
373.6 0.00134254
373.775 0.00134317
373.95 0.00134379
374.125 0.00134442
374.3 0.00134505
374.475 0.00134568
374.65 0.00134631
374.825 0.00134694
375 0.00134757
375.175 0.0013482
375.35 0.00134883
375.525 0.00134945
375.7 0.00135008
375.875 0.00135071
376.05 0.00135134
376.225 0.00135197
376.4 0.0013526
376.575 0.00135323
376.75 0.00135386
376.925 0.00135449
377.1 0.00135511
377.275 0.00135574
377.45 0.00135637
377.625 0.001357
377.8 0.00135763
377.975 0.00135826
378.15 0.00135889
378.325 0.00135952
378.5 0.00136015
378.675 0.00136077
378.85 0.0013614
379.025 0.00136203
379.2 0.00136266
379.375 0.00136329
379.55 0.00136392
379.725 0.00136455
379.9 0.00136518
380.075 0.00136581
380.25 0.00136643
380.425 0.00136706
380.6 0.00136769
380.775 0.00136832
380.95 0.00136895
381.125 0.00136958
381.3 0.00137021
381.475 0.00137084
381.65 0.00137146
381.825 0.00137209
382 0.00137272
382.175 0.00137335
382.35 0.00137398
382.525 0.00137461
382.7 0.00137524
382.875 0.00137587
383.05 0.0013765
383.225 0.00137712
383.4 0.00137775
383.575 0.00137838
383.75 0.00137901
383.925 0.00137964
384.1 0.00138027
384.275 0.0013809
384.45 0.00138153
384.625 0.00138216
384.8 0.00138278
384.975 0.00138341
385.15 0.00138404
385.325 0.00138467
385.5 0.0013853
385.675 0.00138593
385.85 0.00138656
386.025 0.00138719
386.2 0.00138782
386.375 0.00138844
386.55 0.00138907
386.725 0.0013897
386.9 0.00139033
387.075 0.00139096
387.25 0.00139159
387.425 0.00139222
387.6 0.00139285
387.775 0.00139348
387.95 0.0013941
388.125 0.00139473
388.3 0.00139536
388.475 0.00139599
388.65 0.00139662
388.825 0.00139725
389 0.00139788
389.175 0.00139851
389.35 0.00139914
389.525 0.00139976
389.7 0.00140039
389.875 0.00140102
390.05 0.00140165
390.225 0.00140228
390.4 0.00140291
390.575 0.00140354
390.75 0.00140417
390.925 0.00140479
391.1 0.00140542
391.275 0.00140605
391.45 0.00140668
391.625 0.00140731
391.8 0.00140794
391.975 0.00140857
392.15 0.0014092
392.325 0.00140983
392.5 0.00141045
392.675 0.00141108
392.85 0.00141171
393.025 0.00141234
393.2 0.00141297
393.375 0.0014136
393.55 0.00141423
393.725 0.00141486
393.9 0.00141549
394.075 0.00141611
394.25 0.00141674
394.425 0.00141737
394.6 0.001418
394.775 0.00141863
394.95 0.00141926
395.125 0.00141989
395.3 0.00142052
395.475 0.00142115
395.65 0.00142177
395.825 0.0014224
396 0.00142303
396.175 0.00142366
396.35 0.00142429
396.525 0.00142492
396.7 0.00142555
396.875 0.00142618
397.05 0.00142681
397.225 0.00142743
397.4 0.00142806
397.575 0.00142869
397.75 0.00142932
397.925 0.00142995
398.1 0.00143058
398.275 0.00143121
398.45 0.00143184
398.625 0.00143246
398.8 0.00143309
398.975 0.00143372
399.15 0.00143435
399.325 0.00143498
399.5 0.00143561
399.675 0.00143624
399.85 0.00143687
400.025 0.0014375
400.2 0.00143812
400.375 0.00143875
400.55 0.00143938
400.725 0.00144001
400.9 0.00144064
401.075 0.00144127
401.25 0.0014419
401.425 0.00144253
401.6 0.00144316
401.775 0.00144378
401.95 0.00144441
402.125 0.00144504
402.3 0.00144567
402.475 0.0014463
402.65 0.00144693
402.825 0.00144756
403 0.00144819
403.175 0.00144882
403.35 0.00144944
403.525 0.00145007
403.7 0.0014507
403.875 0.00145133
404.05 0.00145196
404.225 0.00145259
404.4 0.00145322
404.575 0.00145385
404.75 0.00145448
404.925 0.0014551
405.1 0.00145573
405.275 0.00145636
405.45 0.00145699
405.625 0.00145762
405.8 0.00145825
405.975 0.00145888
406.15 0.00145951
406.325 0.00146013
406.5 0.00146076
406.675 0.00146139
406.85 0.00146202
407.025 0.00146265
407.2 0.00146328
407.375 0.00146391
407.55 0.00146454
407.725 0.00146517
407.9 0.00146579
408.075 0.00146642
408.25 0.00146705
408.425 0.00146768
408.6 0.00146831
408.775 0.00146894
408.95 0.00146957
409.125 0.0014702
409.3 0.00147083
409.475 0.00147145
409.65 0.00147208
409.825 0.00147271
410 0.00147334
410.175 0.00147397
410.35 0.0014746
410.525 0.00147523
410.7 0.00147586
410.875 0.00147649
411.05 0.00147711
411.225 0.00147774
411.4 0.00147837
411.575 0.001479
411.75 0.00147963
411.925 0.00148026
412.1 0.00148089
412.275 0.00148152
412.45 0.00148215
412.625 0.00148277
412.8 0.0014834
412.975 0.00148403
413.15 0.00148466
413.325 0.00148529
413.5 0.00148592
413.675 0.00148655
413.85 0.00148718
414.025 0.00148781
414.2 0.00148843
414.375 0.00148906
414.55 0.00148969
414.725 0.00149032
414.9 0.00149095
415.075 0.00149158
415.25 0.00149221
415.425 0.00149284
415.6 0.00149346
415.775 0.00149409
415.95 0.00149472
416.125 0.00149535
416.3 0.00149598
416.475 0.00149661
416.65 0.00149724
416.825 0.00149787
417 0.0014985
417.175 0.00149912
417.35 0.00149975
417.525 0.00150038
417.7 0.00150101
417.875 0.00150164
418.05 0.00150227
418.225 0.0015029
418.4 0.00150353
418.575 0.00150416
418.75 0.00150478
418.925 0.00150541
419.1 nan
419.275 nan
419.45 nan
419.625 nan
419.8 nan
419.975 nan
420.15 nan
420.325 nan
420.5 nan
420.675 nan
420.85 nan
421.025 nan
421.2 nan
421.375 nan
421.55 nan
421.725 nan
421.9 nan
422.075 nan
422.25 nan
422.425 nan
422.6 nan
422.775 nan
422.95 nan
423.125 nan
423.3 nan
423.475 nan
423.65 nan
423.825 nan
424 nan
424.175 nan
424.35 nan
424.525 nan
424.7 nan
424.875 nan
425.05 nan
425.225 nan
425.4 nan
425.575 nan
425.75 nan
425.925 nan
426.1 nan
426.275 nan
426.45 nan
426.625 nan
426.8 nan
426.975 nan
427.15 nan
427.325 nan
427.5 nan
427.675 nan
427.85 nan
428.025 nan
428.2 nan
428.375 nan
428.55 nan
428.725 nan
428.9 nan
429.075 nan
429.25 nan
429.425 nan
429.6 nan
429.775 nan
429.95 nan
430.125 nan
430.3 nan
430.475 nan
430.65 nan
430.825 nan
431 nan
431.175 nan
431.35 nan
431.525 nan
431.7 nan
431.875 nan
432.05 nan
432.225 nan
432.4 nan
432.575 nan
432.75 nan
432.925 nan
433.1 nan
433.275 nan
433.45 nan
433.625 nan
433.8 nan
433.975 nan
434.15 nan
434.325 nan
434.5 nan
434.675 nan
434.85 nan
435.025 nan
435.2 nan
435.375 nan
435.55 nan
435.725 nan
435.9 nan
436.075 nan
436.25 nan
436.425 nan
436.6 nan
436.775 nan
436.95 nan
437.125 nan
437.3 nan
437.475 nan
437.65 nan
437.825 nan
438 nan
438.175 nan
438.35 nan
438.525 nan
438.7 nan
438.875 nan
439.05 nan
439.225 nan
439.4 nan
439.575 nan
439.75 nan
439.925 nan
440.1 nan
440.275 nan
440.45 nan
440.625 nan
440.8 nan
440.975 nan
441.15 nan
441.325 nan
441.5 nan
441.675 nan
441.85 nan
442.025 nan
442.2 nan
442.375 nan
442.55 nan
442.725 nan
442.9 nan
443.075 nan
443.25 nan
443.425 nan
443.6 nan
443.775 nan
443.95 nan
444.125 nan
444.3 nan
444.475 nan
444.65 nan
444.825 nan
445 nan
445.175 nan
445.35 nan
445.525 nan
445.7 nan
445.875 nan
446.05 nan
446.225 nan
446.4 nan
446.575 nan
446.75 nan
446.925 nan
447.1 nan
447.275 nan
447.45 nan
447.625 nan
447.8 nan
447.975 nan
448.15 nan
448.325 nan
448.5 nan
448.675 nan
448.85 nan
449.025 nan
449.2 nan
449.375 nan
449.55 nan
449.725 nan
449.9 nan
450.075 nan
450.25 0.00161783
450.425 0.00161846
450.6 0.00161909
450.775 0.00161972
450.95 0.00162034
451.125 0.00162097
451.3 0.0016216
451.475 0.00162223
451.65 0.00162286
451.825 0.00162348
452 0.00162411
452.175 0.00162474
452.35 0.00162537
452.525 0.001626
452.7 0.00162662
452.875 0.00162725
453.05 0.00162788
453.225 0.00162851
453.4 0.00162914
453.575 0.00162976
453.75 0.00163039
453.925 0.00163102
454.1 0.00163165
454.275 0.00163228
454.45 0.0016329
454.625 0.00163353
454.8 0.00163416
454.975 0.00163479
455.15 0.00163542
455.325 0.00163604
455.5 0.00163667
455.675 0.0016373
455.85 0.00163793
456.025 0.00163856
456.2 0.00163918
456.375 0.00163981
456.55 0.00164044
456.725 0.00164107
456.9 0.0016417
457.075 0.00164232
457.25 0.00164295
457.425 0.00164358
457.6 0.00164421
457.775 0.00164484
457.95 0.00164546
458.125 0.00164609
458.3 0.00164672
458.475 0.00164735
458.65 0.00164797
458.825 0.0016486
459 0.00164923
459.175 0.00164986
459.35 0.00165049
459.525 0.00165111
459.7 0.00165174
459.875 0.00165237
460.05 0.001653
460.225 0.00165363
460.4 0.00165425
460.575 0.00165488
460.75 0.00165551
460.925 0.00165614
461.1 0.00165676
461.275 0.00165739
461.45 0.00165802
461.625 0.00165865
461.8 0.00165928
461.975 0.0016599
462.15 0.00166053
462.325 0.00166116
462.5 0.00166179
462.675 0.00166241
462.85 0.00166304
463.025 0.00166367
463.2 0.0016643
463.375 0.00166493
463.55 0.00166555
463.725 0.00166618
463.9 0.00166681
464.075 0.00166744
464.25 0.00166806
464.425 0.00166869
464.6 0.00166932
464.775 0.00166995
464.95 0.00167058
465.125 0.0016712
465.3 0.00167183
465.475 0.00167246
465.65 0.00167309
465.825 0.00167371
466 0.00167434
466.175 0.00167497
466.35 0.0016756
466.525 0.00167622
466.7 0.00167685
466.875 0.00167748
467.05 0.00167811
467.225 0.00167874
467.4 0.00167936
467.575 0.00167999
467.75 0.00168062
467.925 0.00168125
468.1 0.00168187
468.275 0.0016825
468.45 0.00168313
468.625 0.00168376
468.8 0.00168438
468.975 0.00168501
469.15 0.00168564
469.325 0.00168627
469.5 0.00168689
469.675 0.00168752
469.85 0.00168815
470.025 0.00168878
470.2 0.0016894
470.375 0.00169003
470.55 0.00169066
470.725 0.00169129
470.9 0.00169192
471.075 0.00169254
471.25 0.00169317
471.425 0.0016938
471.6 0.00169443
471.775 0.00169505
471.95 0.00169568
472.125 0.00169631
472.3 0.00169694
472.475 0.00169756
472.65 0.00169819
472.825 0.00169882
