1.812 1650.78
11.459 1667.56
19.266 1683.88
28.499 1701.58
38.783 1720.64
49.593 1742.76
62.68 1766.43
75.907 1792.83
88.836 1817.28
98.25 1833.98
116.14 1869.66
130.929 1897.42
143.502 1921.52
151.647 1938.3
165.385 1964.08
179.835 1991.53
193.46 2017.77
210.143 2048.99
227.064 2082.41
243.27 2112.19
255.127 2135.92
268.457 2161.76
279.854 2185.02
292.764 2210
306.478 2235.95
319.951 2260.61
331.152 2284.59
339.792 2298.38
353.204 2324.96
362.887 2344.18
372.196 2361.88
376.925 2372.86
382.855 2382.62
395.692 2405.19
406.952 2427.77
415.66 2443.94
425.193 2464.38
439.456 2489.24
456.121 2522.34
467.757 2544.3
482.357 2572.37
494.331 2595.55
498.272 2602.87

From plot publi + digitizer to extract data